    1   64    1
 12.011
    1    1  1.0000  0.0000  0.0000
-37.798683  -0.000000  -0.000000
  0.143625  -0.000000  -0.000000
  0.090766  -0.000000  -0.000000
  0.097092  -0.000000  -0.000000
  0.090766  -0.000000  -0.000000
  0.097092  -0.000000  -0.000000
 -0.555254  -0.000000  -0.000000
  0.047827  -0.000000  -0.000000
 -0.148166  -0.089283   0.010524
  0.070023  -0.086546  -0.194096
  7.851130  -0.994331  -0.994331
 -0.062881  -0.089318  -0.089318
  0.333989  -0.194088  -0.194088
 -0.031701  -0.030948  -0.030948
 -0.148166   0.010524  -0.089283
  0.070023  -0.194096  -0.086546
 -1.296163   0.642455  -0.642455
 -0.047757   0.033513  -0.033513
 -1.296170   0.642384   0.642384
 -0.047687   0.033482   0.033482
 -1.296170  -0.642384  -0.642384
 -0.047687  -0.033482  -0.033482
 -1.296163  -0.642455   0.642455
 -0.047757  -0.033513   0.033513
  7.851130   0.994331   0.994331
 -0.062881   0.089318   0.089318
 -0.148166   0.089283  -0.010524
  0.070023   0.086546   0.194096
 -0.148166  -0.010524   0.089283
  0.070023   0.194096   0.086546
  0.333989   0.194088   0.194088
 -0.031701   0.030948   0.030948
  1.350678  -0.642489   1.397442
  1.350587  -0.642457  -1.397524
  0.077551  -0.033536  -0.077932
  0.077752  -0.033360   0.077979
  1.350678   0.642489  -1.397442
  1.350587   0.642457   1.397524
  0.077551   0.033536   0.077932
  0.077752   0.033360  -0.077979
 -0.148145   0.089368   0.010453
  0.069955   0.086326  -0.194157
  7.850966   0.994408  -0.994408
 -0.063203   0.089288  -0.089288
  0.334240   0.193877  -0.193877
 -0.031849   0.031125  -0.031125
 -0.148145  -0.010453  -0.089368
  0.069955   0.194157  -0.086326
  1.350678  -1.397442   0.642489
  1.350587   1.397524   0.642457
  1.350678   1.397442  -0.642489
  1.350587  -1.397524  -0.642457
  0.077551   0.077932   0.033536
  0.077752  -0.077979   0.033360
  0.077551  -0.077932  -0.033536
  0.077752   0.077979  -0.033360
  7.850966  -0.994408   0.994408
 -0.063203  -0.089288   0.089288
 -0.148145  -0.089368  -0.010453
  0.069955  -0.086326   0.194157
 -0.148145   0.010453   0.089368
  0.069955  -0.194157   0.086326
  0.334240  -0.193877   0.193877
 -0.031849  -0.031125   0.031125
