    1   64    1
 12.011
    1    1  1.0000  0.0000  0.0000
-42.762097  -0.955350  -0.965049
  0.161268  -0.000833  -0.000841
  0.092941  -0.001438  -0.000118
  0.113578   0.005687   0.001248
  0.092941  -0.000104  -0.001439
  0.113578   0.001190   0.005700
 -0.568126  -0.005586  -0.005642
  0.051827  -0.001448  -0.001463
 -0.160412  -0.100559   0.027756
  0.077025  -0.092421  -0.209008
  8.735110  -1.684241  -1.701341
 -0.052599  -0.087324  -0.088210
  0.357695  -0.210198  -0.212332
 -0.033993  -0.030362  -0.030670
 -0.160412   0.028770  -0.100273
  0.077025  -0.208064  -0.094527
 -1.359495   0.685236  -0.692431
 -0.054042   0.036977  -0.039287
 -1.383105   0.678060   0.684944
 -0.057215   0.034554   0.034905
 -1.383137  -0.750363  -0.757981
 -0.057483  -0.038307  -0.038696
 -1.359495  -0.699317   0.678207
 -0.054042  -0.039658   0.036578
  9.352702   2.473210   2.498319
 -0.066188   0.089014   0.089917
 -0.156889   0.088100  -0.021295
  0.076064   0.109297   0.218576
 -0.156889  -0.022184   0.087880
  0.076064   0.217461   0.111499
  0.333103   0.220163   0.222398
 -0.035531   0.030615   0.030926
  1.509611  -0.721229   1.581681
  1.468615  -0.671002  -1.505941
  0.082841  -0.036885  -0.077705
  0.082080  -0.038347   0.074499
  1.468653   0.713463  -1.504306
  1.509533   0.707278   1.596155
  0.082199   0.038521   0.072230
  0.082762   0.035892  -0.077099
 -0.147906   0.096207   0.029513
  0.096895   0.114522  -0.211621
  8.686444   1.681140  -1.667741
 -0.071848   0.096865  -0.098783
  0.339912   0.211691  -0.203135
 -0.032025   0.032902  -0.030110
 -0.155232  -0.014635  -0.088571
  0.072579   0.209195  -0.090530
  1.468653  -1.511436   0.698232
  1.509533   1.588929   0.723365
  1.509611   1.588885  -0.705216
  1.468615  -1.499087  -0.686179
  0.082199   0.071837   0.039248
  0.082762  -0.077458   0.035112
  0.082841  -0.077329  -0.037668
  0.082080   0.074883  -0.037592
  8.686444  -1.684637   1.664209
 -0.071848  -0.099756   0.095862
 -0.155232  -0.088419  -0.015529
  0.072579  -0.092639   0.208270
 -0.147906   0.028540   0.096500
  0.096895  -0.212767   0.112379
  0.339912  -0.205263   0.209628
 -0.032025  -0.030440   0.032596
