    1   64    1
 12.011
    1    1  1.0000  0.0000  0.0000
-51.684447   0.000000  -0.000000
  0.188658   0.000000  -0.000000
  0.098742   0.000000  -0.000000
  0.145731   0.000000  -0.000000
  0.098742   0.000000  -0.000000
  0.145731   0.000000  -0.000000
 -0.592212   0.000000  -0.000000
  0.058871   0.000000  -0.000000
 -0.166339  -0.097786   0.044608
  0.099563  -0.130941  -0.242801
 10.692043  -3.564943  -3.564943
 -0.068014  -0.097521  -0.097521
  0.358829  -0.242645  -0.242645
 -0.033990  -0.030346  -0.030346
 -0.166339   0.044608  -0.097786
  0.099563  -0.242801  -0.130941
 -1.500606   0.812321  -0.812321
 -0.071757   0.044301  -0.044301
 -1.500567   0.812040   0.812040
 -0.071758   0.044085   0.044085
 -1.500567  -0.812040  -0.812040
 -0.071758  -0.044085  -0.044085
 -1.500606  -0.812321   0.812321
 -0.071757  -0.044301   0.044301
 10.692043   3.564943   3.564943
 -0.068014   0.097521   0.097521
 -0.166339   0.097786  -0.044608
  0.099563   0.130941   0.242801
 -0.166339  -0.044608   0.097786
  0.099563   0.242801   0.130941
  0.358829   0.242645   0.242645
 -0.033990   0.030346   0.030346
  1.730922  -0.812155   1.808382
  1.731049  -0.812079  -1.808096
  0.090670  -0.044370  -0.071606
  0.090478  -0.044219   0.071691
  1.730922   0.812155  -1.808382
  1.731049   0.812079   1.808096
  0.090670   0.044370   0.071606
  0.090478   0.044219  -0.071691
 -0.166256   0.097809   0.044395
  0.099233   0.130701  -0.242721
 10.691536   3.564708  -3.564708
 -0.068732   0.097724  -0.097724
  0.358687   0.242590  -0.242590
 -0.034220   0.030419  -0.030419
 -0.166256  -0.044395  -0.097809
  0.099233   0.242721  -0.130701
  1.730922  -1.808382   0.812155
  1.731049   1.808096   0.812079
  1.730922   1.808382  -0.812155
  1.731049  -1.808096  -0.812079
  0.090670   0.071606   0.044370
  0.090478  -0.071691   0.044219
  0.090670  -0.071606  -0.044370
  0.090478   0.071691  -0.044219
 10.691536  -3.564708   3.564708
 -0.068732  -0.097724   0.097724
 -0.166256  -0.097809  -0.044395
  0.099233  -0.130701   0.242721
 -0.166256   0.044395   0.097809
  0.099233  -0.242721   0.130701
  0.358687  -0.242590   0.242590
 -0.034220  -0.030419   0.030419
