    1   64    1
 12.011
    1    1  1.0000  0.0000  0.0000
-31.601087   0.000000   0.000000
  0.118486   0.000000   0.000000
  0.088022   0.000000   0.000000
  0.070461   0.000000   0.000000
  0.088022   0.000000   0.000000
  0.070461   0.000000   0.000000
 -0.538762   0.000000   0.000000
  0.042774   0.000000   0.000000
 -0.136904  -0.081482  -0.008257
  0.059668  -0.068673  -0.168569
  6.582571   0.030602   0.030602
 -0.054845  -0.081406  -0.081406
  0.325672  -0.168511  -0.168511
 -0.029723  -0.030791  -0.030791
 -0.136904  -0.008257  -0.081482
  0.059668  -0.168569  -0.068673
 -1.195107   0.563840  -0.563840
 -0.037107   0.028396  -0.028396
 -1.194833   0.563655   0.563655
 -0.037111   0.028346   0.028346
 -1.194833  -0.563655  -0.563655
 -0.037111  -0.028346  -0.028346
 -1.195107  -0.563840   0.563840
 -0.037107  -0.028396   0.028396
  6.582571  -0.030602  -0.030602
 -0.054845   0.081406   0.081406
 -0.136904   0.081482   0.008257
  0.059668   0.068673   0.168569
 -0.136904   0.008257   0.081482
  0.059668   0.168569   0.068673
  0.325672   0.168511   0.168511
 -0.029723   0.030791   0.030791
  1.168081  -0.563611   1.202165
  1.167912  -0.563941  -1.202056
  0.071265  -0.028472  -0.081171
  0.071252  -0.028305   0.081356
  1.168081   0.563611  -1.202165
  1.167912   0.563941   1.202056
  0.071265   0.028472   0.081171
  0.071252   0.028305  -0.081356
 -0.136823   0.081453  -0.008308
  0.059596   0.068522  -0.168451
  6.582527  -0.030467   0.030467
 -0.055167   0.081439  -0.081439
  0.325754   0.168331  -0.168331
 -0.029915   0.030895  -0.030895
 -0.136823   0.008308  -0.081453
  0.059596   0.168451  -0.068522
  1.168081  -1.202165   0.563611
  1.167912   1.202056   0.563941
  1.168081   1.202165  -0.563611
  1.167912  -1.202056  -0.563941
  0.071265   0.081171   0.028472
  0.071252  -0.081356   0.028305
  0.071265  -0.081171  -0.028472
  0.071252   0.081356  -0.028305
  6.582527   0.030467  -0.030467
 -0.055167  -0.081439   0.081439
 -0.136823  -0.081453   0.008308
  0.059596  -0.068522   0.168451
 -0.136823  -0.008308   0.081453
  0.059596  -0.168451   0.068522
  0.325754  -0.168331   0.168331
 -0.029915  -0.030895   0.030895
