    1   64    2
 12.011
    1    1  1.0000  0.0000  0.0000
-48.790130  -0.000000   0.000000
  0.172792  -0.000000   0.000000
  0.097304  -0.000000   0.000000
  0.147164  -0.000000   0.000000
  0.111076  -0.000000   0.000000
  0.129953  -0.000000   0.000000
 -0.589953  -0.000000   0.000000
  0.056577  -0.000000   0.000000
 -0.166766  -0.087952   0.028796
  0.122802  -0.156559  -0.233298
 10.086244  -2.838775  -2.989540
 -0.052247  -0.087973  -0.083304
  0.360687  -0.227266  -0.234628
 -0.034005  -0.027407  -0.032232
 -0.170406   0.055821  -0.115656
  0.084990  -0.227112  -0.103677
 -1.470462   0.796672  -0.747422
 -0.071818   0.039369  -0.041388
 -1.470567   0.796545   0.747395
 -0.071915   0.039235   0.041338
 -1.470567  -0.796545  -0.747395
 -0.071915  -0.039235  -0.041338
 -1.470462  -0.796672   0.747422
 -0.071818  -0.039369   0.041388
 10.086244   2.838775   2.989540
 -0.052247   0.087973   0.083304
 -0.166766   0.087952  -0.028796
  0.122802   0.156559   0.233298
 -0.170406  -0.055821   0.115656
  0.084990   0.227112   0.103677
  0.360687   0.227266   0.234628
 -0.034005   0.027407   0.032232
  1.583292  -0.796763   1.653748
  1.583353  -0.796534  -1.653855
  0.088288  -0.039292  -0.075315
  0.088282  -0.039253   0.075469
  1.583292   0.796763  -1.653748
  1.583353   0.796534   1.653855
  0.088288   0.039292   0.075315
  0.088282   0.039253  -0.075469
 -0.166714   0.088134   0.028879
  0.122729   0.156688  -0.233350
 10.086049   2.838766  -2.989620
 -0.052509   0.088166  -0.083374
  0.360897   0.227112  -0.234433
 -0.033948   0.027421  -0.032286
 -0.170606  -0.055735  -0.115646
  0.084791   0.227301  -0.103597
  1.723020  -1.847458   0.770888
  1.723020   1.847205   0.770809
  1.723020   1.847458  -0.770888
  1.723020  -1.847205  -0.770809
  0.083038   0.065948   0.043673
  0.083088  -0.065955   0.043630
  0.083038  -0.065948  -0.043673
  0.083088   0.065955  -0.043630
 10.086049  -2.838766   2.989620
 -0.052509  -0.088166   0.083374
 -0.166714  -0.088134  -0.028879
  0.122729  -0.156688   0.233350
 -0.170606   0.055735   0.115646
  0.084791  -0.227301   0.103597
  0.360897  -0.227112   0.234433
 -0.033948  -0.027421   0.032286
    1    2  0.0000  0.0000  1.0000
  0.000000   0.000000 -47.744496
  0.000000   0.000000   0.079107
  0.000000   0.000000   0.079107
  0.000000   0.000000  -0.564878
  0.000000   0.000000   0.187071
  0.000000   0.000000   0.123195
  0.000000   0.000000   0.123195
  0.000000   0.000000   0.053282
  0.028847   0.083473  -0.146682
 -0.233167   0.233167   0.337672
 -2.989365   2.989365   9.890644
 -0.083473  -0.028847  -0.146682
 -0.234670   0.103599   0.073183
 -0.032270   0.032270  -0.033573
 -0.115486   0.115486  -0.096145
 -0.103599   0.234670   0.073183
  0.747443  -1.653836   1.631925
  0.041495   0.075381   0.089815
 -0.747443   1.653836   1.631925
 -0.041495  -0.075381   0.089815
  0.747305   1.653915   1.631871
  0.041509  -0.075400   0.089927
 -0.747305  -1.653915   1.631871
 -0.041509   0.075400   0.089927
  2.989474   2.989474   9.890756
  0.083399  -0.028603  -0.146595
 -0.028603   0.083399  -0.146595
  0.233275   0.233275   0.337639
  0.115504   0.115504  -0.095885
  0.103724   0.234608   0.073415
  0.234608   0.103724   0.073415
  0.032183   0.032183  -0.033144
  1.653836  -0.747443   1.631925
 -1.653836   0.747443   1.631925
 -0.075381  -0.041495   0.089815
  0.075381   0.041495   0.089815
 -1.653915  -0.747305   1.631871
  1.653915   0.747305   1.631871
  0.075400  -0.041509   0.089927
 -0.075400   0.041509   0.089927
  0.028603  -0.083399  -0.146595
 -0.233275  -0.233275   0.337639
 -2.989474  -2.989474   9.890756
 -0.083399   0.028603  -0.146595
 -0.234608  -0.103724   0.073415
 -0.032183  -0.032183  -0.033144
 -0.115504  -0.115504  -0.095885
 -0.103724  -0.234608   0.073415
 -0.770882   0.770882  -1.427411
 -0.770867  -0.770867  -1.427131
  0.770867   0.770867  -1.427131
  0.770882  -0.770882  -1.427411
 -0.043545   0.043545  -0.052512
 -0.043708  -0.043708  -0.052419
  0.043708   0.043708  -0.052419
  0.043545  -0.043545  -0.052512
  2.989365  -2.989365   9.890644
  0.083473   0.028847  -0.146682
 -0.028847  -0.083473  -0.146682
  0.233167  -0.233167   0.337672
  0.115486  -0.115486  -0.096145
  0.103599  -0.234670   0.073183
  0.234670  -0.103599   0.073183
  0.032270  -0.032270  -0.033573
