    1   64    1
 12.011
    1    1  1.0000  0.0000  0.0000
-40.184737   0.000000  -0.000000
  0.152211   0.000000  -0.000000
  0.091616   0.000000  -0.000000
  0.105046   0.000000  -0.000000
  0.091616   0.000000  -0.000000
  0.105046   0.000000  -0.000000
 -0.561781   0.000000  -0.000000
  0.049755   0.000000  -0.000000
 -0.151748  -0.091681   0.016968
  0.075334  -0.094103  -0.203023
  8.339360  -1.412829  -1.412829
 -0.064071  -0.091462  -0.091462
  0.338460  -0.202726  -0.202726
 -0.032618  -0.031000  -0.031000
 -0.151748   0.016968  -0.091681
  0.075334  -0.203023  -0.094103
 -1.333231   0.672109  -0.672109
 -0.051634   0.035471  -0.035471
 -1.333011   0.672053   0.672053
 -0.051607   0.035351   0.035351
 -1.333011  -0.672053  -0.672053
 -0.051607  -0.035351  -0.035351
 -1.333231  -0.672109   0.672109
 -0.051634  -0.035471   0.035471
  8.339360   1.412829   1.412829
 -0.064071   0.091462   0.091462
 -0.151748   0.091681  -0.016968
  0.075334   0.094103   0.203023
 -0.151748  -0.016968   0.091681
  0.075334   0.203023   0.094103
  0.338460   0.202726   0.202726
 -0.032618   0.031000   0.031000
  1.417548  -0.672080   1.469900
  1.417815  -0.672190  -1.469786
  0.080092  -0.035443  -0.076648
  0.079917  -0.035424   0.076766
  1.417548   0.672080  -1.469900
  1.417815   0.672190   1.469786
  0.080092   0.035443   0.076648
  0.079917   0.035424  -0.076766
 -0.151925   0.091594   0.016892
  0.075106   0.094003  -0.202954
  8.338903   1.412679  -1.412679
 -0.064812   0.091530  -0.091530
  0.338269   0.202586  -0.202586
 -0.032673   0.031169  -0.031169
 -0.151925  -0.016892  -0.091594
  0.075106   0.202954  -0.094003
  1.417548  -1.469900   0.672080
  1.417815   1.469786   0.672190
  1.417548   1.469900  -0.672080
  1.417815  -1.469786  -0.672190
  0.080092   0.076648   0.035443
  0.079917  -0.076766   0.035424
  0.080092  -0.076648  -0.035443
  0.079917   0.076766  -0.035424
  8.338903  -1.412679   1.412679
 -0.064812  -0.091530   0.091530
 -0.151925  -0.091594  -0.016892
  0.075106  -0.094003   0.202954
 -0.151925   0.016892   0.091594
  0.075106  -0.202954   0.094003
  0.338269  -0.202586   0.202586
 -0.032673  -0.031169   0.031169
