    1   64    1
 12.011
    1    1  1.0000  0.0000  0.0000
-42.884357   4.374727   4.171138
  0.164797   0.005941   0.005665
  0.092957   0.009489  -0.001681
  0.114234  -0.030688  -0.009761
  0.092957  -0.001228   0.009558
  0.114234  -0.011212  -0.030189
 -0.554974   0.022642   0.021588
  0.054416   0.007626   0.007272
 -0.124966  -0.055794   0.002916
  0.098607  -0.154441  -0.222798
  9.342787  -2.866693  -2.733284
 -0.122177  -0.114583  -0.109250
  0.261642  -0.214731  -0.204738
 -0.032851  -0.034777  -0.033159
 -0.124966   0.000256  -0.055869
  0.098607  -0.229900  -0.143656
 -1.446162   0.783217  -0.760081
 -0.058346   0.042154  -0.023798
 -1.269807   0.784992   0.748461
 -0.041631   0.056100   0.053489
 -1.269853  -0.462504  -0.440980
 -0.041063  -0.027927  -0.026627
 -1.446162  -0.721922   0.818522
 -0.058346  -0.021763   0.043239
  6.556067  -0.509417  -0.485710
 -0.059705   0.118435   0.112923
 -0.141959   0.122607  -0.034590
  0.081679   0.062453   0.177897
 -0.141959  -0.028713   0.124115
  0.081679   0.180669   0.053911
  0.353598   0.167174   0.159395
 -0.021657   0.031733   0.030256
  1.399904  -0.596164   1.386518
  1.590456  -0.873956  -1.768712
  0.081745  -0.034261  -0.062726
  0.084867  -0.028948   0.082412
  1.590446   0.630976  -1.780659
  1.400187   0.651305   1.327333
  0.085077   0.035007   0.083433
  0.081405   0.050091  -0.066727
 -0.184075   0.078677  -0.000459
 -0.002672   0.034842  -0.203553
  9.781948   2.793188  -3.024724
 -0.037651   0.071288  -0.063668
  0.366529   0.213696  -0.253622
 -0.039559   0.021127  -0.035200
 -0.153990  -0.057773  -0.110568
  0.121724   0.226108  -0.166591
  1.590446  -1.748592   0.715053
  1.400187   1.356841   0.587360
  1.399904   1.356556  -0.661512
  1.590456  -1.808323  -0.788740
  0.085077   0.085005   0.030995
  0.081405  -0.064266   0.053212
  0.081745  -0.064287  -0.031235
  0.084867   0.080940  -0.032839
  9.781948  -2.888284   2.934054
 -0.037651  -0.060201   0.074239
 -0.153990  -0.113194  -0.052443
  0.121724  -0.155635   0.233784
 -0.184075   0.003288   0.078610
 -0.002672  -0.201663   0.044495
  0.366529  -0.243158   0.225531
 -0.039559  -0.034154   0.022779
