    1   64    2
 12.011
    1    1  1.0000  0.0000  0.0000
-39.116408  -0.000000  -0.000000
  0.150494  -0.000000  -0.000000
  0.089452  -0.000000  -0.000000
  0.096079  -0.000000  -0.000000
  0.083310  -0.000000  -0.000000
  0.103996  -0.000000  -0.000000
 -0.551408  -0.000000  -0.000000
  0.047945  -0.000000  -0.000000
 -0.147986  -0.094444   0.019122
  0.057444  -0.072310  -0.199018
  8.111627  -1.303802  -1.247714
 -0.070765  -0.094588  -0.096097
  0.330103  -0.203428  -0.197276
 -0.031650  -0.032669  -0.030585
 -0.144856   0.006549  -0.081177
  0.078408  -0.203392  -0.101059
 -1.308930   0.650711  -0.673199
 -0.046850   0.035871  -0.034562
 -1.309100   0.650649   0.673282
 -0.046747   0.035923   0.034433
 -1.309100  -0.650649  -0.673282
 -0.046747  -0.035923  -0.034433
 -1.308930  -0.650711   0.673199
 -0.046850  -0.035871   0.034562
  8.111627   1.303802   1.247714
 -0.070765   0.094588   0.096097
 -0.147986   0.094444  -0.019122
  0.057444   0.072310   0.199018
 -0.144856  -0.006549   0.081177
  0.078408   0.203392   0.101059
  0.330103   0.203428   0.197276
 -0.031650   0.032669   0.030585
  1.430359  -0.650885   1.478641
  1.430479  -0.650867  -1.478768
  0.078449  -0.035737  -0.075564
  0.078463  -0.035748   0.075547
  1.430359   0.650885  -1.478641
  1.430479   0.650867   1.478768
  0.078449   0.035737   0.075564
  0.078463   0.035748  -0.075547
 -0.147791   0.094406   0.019019
  0.057706   0.072546  -0.198945
  8.111761   1.303888  -1.247887
 -0.071001   0.094385  -0.096297
  0.330245   0.203243  -0.197130
 -0.031716   0.032558  -0.030454
 -0.145089  -0.006859  -0.081027
  0.078604   0.203474  -0.101186
  1.357787  -1.381591   0.660316
  1.357972   1.381375   0.660150
  1.357787   1.381591  -0.660316
  1.357972  -1.381375  -0.660150
  0.080765   0.079716   0.033404
  0.080579  -0.079646   0.033550
  0.080765  -0.079716  -0.033404
  0.080579   0.079646  -0.033550
  8.111761  -1.303888   1.247887
 -0.071001  -0.094385   0.096297
 -0.147791  -0.094406  -0.019019
  0.057706  -0.072546   0.198945
 -0.145089   0.006859   0.081027
  0.078604  -0.203474   0.101186
  0.330245  -0.203243   0.197130
 -0.031716  -0.032558   0.030454
    1    2  0.0000  0.0000  1.0000
  0.000000  -0.000000 -39.830382
  0.000000  -0.000000   0.100709
  0.000000  -0.000000   0.100709
  0.000000  -0.000000  -0.574375
  0.000000  -0.000000   0.144085
  0.000000  -0.000000   0.107241
  0.000000  -0.000000   0.107241
  0.000000  -0.000000   0.049971
  0.018910   0.096286  -0.157452
 -0.198718   0.198718   0.350408
 -1.247742   1.247742   8.277676
 -0.096286  -0.018910  -0.157452
 -0.197182   0.101210   0.084303
 -0.030575   0.030575  -0.033360
 -0.080871   0.080871  -0.049465
 -0.101210   0.197182   0.084303
  0.673033  -1.478859   1.397241
  0.034556   0.075590   0.077892
 -0.673033   1.478859   1.397241
 -0.034556  -0.075590   0.077892
  0.673303   1.478902   1.397442
  0.034563  -0.075684   0.077743
 -0.673303  -1.478902   1.397442
 -0.034563   0.075684   0.077743
  1.248031   1.248031   8.277365
  0.096288  -0.018948  -0.157334
 -0.018948   0.096288  -0.157334
  0.198877   0.198877   0.350301
  0.080882   0.080882  -0.049203
  0.101181   0.197446   0.084393
  0.197446   0.101181   0.084393
  0.030548   0.030548  -0.033440
  1.478859  -0.673033   1.397241
 -1.478859   0.673033   1.397241
 -0.075590  -0.034556   0.077892
  0.075590   0.034556   0.077892
 -1.478902  -0.673303   1.397442
  1.478902   0.673303   1.397442
  0.075684  -0.034563   0.077743
 -0.075684   0.034563   0.077743
  0.018948  -0.096288  -0.157334
 -0.198877  -0.198877   0.350301
 -1.248031  -1.248031   8.277365
 -0.096288   0.018948  -0.157334
 -0.197446  -0.101181   0.084393
 -0.030548  -0.030548  -0.033440
 -0.080882  -0.080882  -0.049203
 -0.101181  -0.197446   0.084393
 -0.660045   0.660045  -1.344354
 -0.660091  -0.660091  -1.344668
  0.660091   0.660091  -1.344668
  0.660045  -0.660045  -1.344354
 -0.033696   0.033696  -0.056178
 -0.033654  -0.033654  -0.056139
  0.033654   0.033654  -0.056139
  0.033696  -0.033696  -0.056178
  1.247742  -1.247742   8.277676
  0.096286   0.018910  -0.157452
 -0.018910  -0.096286  -0.157452
  0.198718  -0.198718   0.350408
  0.080871  -0.080871  -0.049465
  0.101210  -0.197182   0.084303
  0.197182  -0.101210   0.084303
  0.030575  -0.030575  -0.033360
