    1   64    1
 12.011
    1    1  1.0000  0.0000  0.0000
-32.540133  -0.000000  -0.000000
  0.122384  -0.000000  -0.000000
  0.088404  -0.000000  -0.000000
  0.075225  -0.000000  -0.000000
  0.088404  -0.000000  -0.000000
  0.075225  -0.000000  -0.000000
 -0.541106  -0.000000  -0.000000
  0.043379  -0.000000  -0.000000
 -0.138674  -0.082801  -0.005199
  0.060878  -0.071198  -0.172583
  6.774210  -0.118007  -0.118007
 -0.056567  -0.082808  -0.082808
  0.326680  -0.172561  -0.172561
 -0.029903  -0.030863  -0.030863
 -0.138674  -0.005199  -0.082801
  0.060878  -0.172583  -0.071198
 -1.210483   0.575849  -0.575849
 -0.038727   0.029128  -0.029128
 -1.210723   0.575742   0.575742
 -0.038703   0.029123   0.029123
 -1.210723  -0.575742  -0.575742
 -0.038703  -0.029123  -0.029123
 -1.210483  -0.575849   0.575849
 -0.038727  -0.029128   0.029128
  6.774210   0.118007   0.118007
 -0.056567   0.082808   0.082808
 -0.138674   0.082801   0.005199
  0.060878   0.071198   0.172583
 -0.138674   0.005199   0.082801
  0.060878   0.172583   0.071198
  0.326680   0.172561   0.172561
 -0.029903   0.030863   0.030863
  1.196765  -0.575900   1.232728
  1.196638  -0.575756  -1.232635
  0.072240  -0.029203  -0.080766
  0.072328  -0.029131   0.080758
  1.196765   0.575900  -1.232728
  1.196638   0.575756   1.232635
  0.072240   0.029203   0.080766
  0.072328   0.029131  -0.080758
 -0.138832   0.082945  -0.005302
  0.060809   0.071170  -0.172533
  6.773922   0.117884  -0.117884
 -0.056724   0.082826  -0.082826
  0.326952   0.172393  -0.172393
 -0.030130   0.030834  -0.030834
 -0.138832   0.005302  -0.082945
  0.060809   0.172533  -0.071170
  1.196765  -1.232728   0.575900
  1.196638   1.232635   0.575756
  1.196765   1.232728  -0.575900
  1.196638  -1.232635  -0.575756
  0.072240   0.080766   0.029203
  0.072328  -0.080758   0.029131
  0.072240  -0.080766  -0.029203
  0.072328   0.080758  -0.029131
  6.773922  -0.117884   0.117884
 -0.056724  -0.082826   0.082826
 -0.138832  -0.082945   0.005302
  0.060809  -0.071170   0.172533
 -0.138832  -0.005302   0.082945
  0.060809  -0.172533   0.071170
  0.326952  -0.172393   0.172393
 -0.030130  -0.030834   0.030834
