temperature 	 Volume_T	Volume_0	Volume_thermal_expansion	Linear_thermal_expansion	Cv_calc	Linear_expansion_factor	phi
0.0	46.124130088785044	45.64128985291565	0	0.0	0.0	1.0	0
2.0	46.124130088785044	45.64128985291565	0.0	0.0	0.0	1.0	nan
4.0	46.12413014283302	45.64128985291565	5.858969383707988e-10	1.9529897945693294e-10	6.514568818080687e-06	1.000000000781196	8.427599122568731e-11
6.0	46.12413006532743	45.64128985291565	-8.401848366778162e-10	-2.8006161222593874e-10	3.7097755913554435e-05	0.9999999983196304	4.564995836457355e-11
8.0	46.12413011444423	45.64128985291565	5.324414731172456e-10	1.7748049103908185e-10	9.57852282954667e-05	1.000000001419844	9.467216256386088e-12
10.0	46.124130162025224	45.64128985291565	5.157928919439894e-10	1.719309639813298e-10	0.00019000518891027442	1.0000000017193096	5.5985084951192665e-12
12.0	46.12413019907235	45.64128985291565	4.0160239957670984e-10	1.3386746652556996e-10	0.0003295523057918893	1.0000000016064097	2.3482081282043045e-12
14.0	46.12413012421398	45.64128985291565	-8.114881499792558e-10	-2.7049604999308527e-10	0.0005241950319091009	0.9999999962130554	7.032125234348181e-12
16.0	46.12413017589836	45.64128985291565	5.60274861337078e-10	1.8675828711235934e-10	0.0007835807865750799	1.0000000029881326	2.562864084175118e-12
18.0	46.124130261841124	45.64128985291565	9.316464664496533e-10	3.1054882214988444e-10	0.0011173733854170243	1.0000000055898788	5.590666198664016e-12
20.0	46.12413028694573	45.64128985291565	2.7214176695406924e-10	9.071392231802308e-11	0.001535321932046176	1.0000000018142785	3.8575187046790986e-13
22.0	46.12413037452103	45.64128985291565	9.493436638513713e-10	3.164478879504571e-10	0.0020473244062114955	1.0000000069618535	3.8723092049958264e-12
24.0	46.12413052163674	45.64128985291565	1.5947802710774943e-09	5.315934236924981e-10	0.002663455292295351	1.0000000127582422	9.163357694808201e-12
26.0	46.12413056351127	45.64128985291565	4.5393306459372503e-10	1.5131102153124168e-10	0.003394001672231294	1.0000000039340866	6.311491954513293e-13
28.0	46.124130819039706	45.64128985291565	2.770008137236945e-09	9.233360457456483e-10	0.004249481873422376	1.0000000258534092	2.0214883524156523e-11
30.0	46.12413108162079	45.64128985291565	2.8464610340430325e-09	9.488203446810108e-10	0.00524068222233584	1.0000000284646104	1.8545178602118554e-11
32.0	46.124131372456446	45.64128985291565	3.1527494497884247e-09	1.0509164832628083e-09	0.006378708084172162	1.0000000336293275	1.9938077348171525e-11
34.0	46.124131740733944	45.64128985291565	3.992243175409608e-09	1.330747725136536e-09	0.007675003500326068	1.0000000452454227	2.823068532299897e-11
36.0	46.12413215409269	45.64128985291565	4.480937987545416e-09	1.493645995848472e-09	0.00914142863449369	1.000000053771256	3.161647231715402e-11
38.0	46.12413272389397	45.64128985291565	6.176823859075582e-09	2.0589412863585273e-09	0.010790301434057617	1.0000000782397689	5.3723905275543984e-11
40.0	46.12413325070095	45.64128985291565	5.710752130975282e-09	1.9035840436584275e-09	0.012634473866527931	1.0000000761433618	4.128350642338374e-11
42.0	46.12413401214782	45.64128985291565	8.254321722020271e-09	2.751440574006757e-09	0.014687437140555655	1.000000115560504	7.790282142238691e-11
44.0	46.12413475578496	45.64128985291565	8.061258531703148e-09	2.6870861772343824e-09	0.016963391489846397	1.0000001182317917	6.739579971084435e-11
46.0	46.12413567334402	45.64128985291565	9.946626297209562e-09	3.315542099069854e-09	0.019477351890831933	1.0000001525149365	9.342576722655493e-11
48.0	46.124136692814254	45.64128985291565	1.105137492328439e-08	3.6837916410947963e-09	0.02224527005946211	1.0000001768219988	1.0537154287391326e-10
50.0	46.12413790087092	45.64128985291565	1.3095710325194736e-08	4.365236775064912e-09	0.025284124625097548	1.0000002182618388	1.3560239873062537e-10
52.0	46.124139223596515	45.64128985291565	1.4338756831347603e-08	4.779585610449201e-09	0.02861198863695658	1.0000002485384518	1.4940512030047455e-10
54.0	46.12414074869647	45.64128985291565	1.6532557350148932e-08	5.510852450049644e-09	0.032248166143657594	1.0000002975860323	1.8300207319982294e-10
56.0	46.12414238407756	45.64128985291565	1.7728038535458125e-08	5.909346178486042e-09	0.03621316379972744	1.000000330923386	1.9432565682972354e-10
58.0	46.12414427470012	45.64128985291565	2.049493460117728e-08	6.8316448670590935e-09	0.04052881948622483	1.0000003962354023	2.403501200234183e-10
60.0	46.12414642071533	45.64128985291565	2.3263469049514957e-08	7.754489683171652e-09	0.04521819736716071	1.000000465269381	2.871271167803714e-10
62.0	46.12414871046887	45.64128985291565	2.4821635992949627e-08	8.273878664316543e-09	0.05030561777585277	1.0000005129804772	3.036150388108438e-10
64.0	46.124151261118676	45.64128985291565	2.7649830670900898e-08	9.216610223633633e-09	0.05581660923805293	1.0000005898630544	3.5050060461961245e-10
66.0	46.124154160536925	45.64128985291565	3.143058646422395e-08	1.0476862154741317e-08	0.06177778507772313	1.0000006914729023	4.219916857369175e-10
68.0	46.12415732506298	45.64128985291565	3.430443456258636e-08	1.143481152086212e-08	0.06821669339644709	1.0000007775671833	4.690359505861042e-10
70.0	46.124160698883486	45.64128985291565	3.657324816767078e-08	1.2191082722556927e-08	0.07516176044997228	1.0000008533757905	4.980988589156392e-10
72.0	46.124164557107655	45.64128985291565	4.182432926838298e-08	1.3941443089460992e-08	0.08264210908015293	1.0000010037839024	6.093635816117907e-10
74.0	46.12416867313459	45.64128985291565	4.4618986335002285e-08	1.4872995445000762e-08	0.09068725425733279	1.000001100601663	6.495496092308613e-10
76.0	46.12417324156113	45.64128985291565	4.9523131490449604e-08	1.6507710496816536e-08	0.0993271779487251	1.0000012545859978	7.503246176035263e-10
78.0	46.12417812313558	45.64128985291565	5.2917744695536514e-08	1.7639248231845504e-08	0.10859186270753997	1.0000013758613622	8.042434304677293e-10
80.0	46.12418349993013	45.64128985291565	5.8286074389498804e-08	1.9428691463166267e-08	0.11851136069035083	1.0000015542953171	9.169532926160544e-10
82.0	46.12418932512156	45.64128985291565	6.314682437330928e-08	2.104894145776976e-08	0.12911537649635238	1.0000017260131995	1.0125735308260285e-09
84.0	46.12419557977902	45.64128985291565	6.780235651148293e-08	2.2600785503827644e-08	0.1404332528532808	1.0000018984659824	1.0994781935376255e-09
86.0	46.12420238593835	45.64128985291565	7.378079163491886e-08	2.459359721163962e-08	0.15249380885964947	1.00000211504936	1.227497560887912e-09
88.0	46.12420972092082	45.64128985291565	7.951338007888751e-08	2.6504460026295835e-08	0.1653250337831267	1.0000023323924823	1.3455886936674743e-09
90.0	46.12421754957637	45.64128985291565	8.486492887682244e-08	2.8288309625607478e-08	0.17895409605576473	1.0000025459478663	1.4482558425865582e-09
92.0	46.12422612074682	45.64128985291565	9.29139929361021e-08	3.0971330978700704e-08	0.193407311003142	1.00000284936245	1.641969891630588e-09
94.0	46.12423521355551	45.64128985291565	9.85686856327984e-08	3.2856228544266135e-08	0.20870956350835876	1.0000030884854831	1.7496513694594281e-09
96.0	46.12424504953103	45.64128985291565	1.0662480876888544e-07	3.5541602922961815e-08	0.22488498261183443	1.0000034119938805	1.940508222954003e-09
98.0	46.124255622395225	45.64128985291565	1.1461286994521232e-07	3.820428998173744e-08	0.24195612016610551	1.0000037440204181	2.1273772830330563e-09
100.0	46.124266877458034	45.64128985291565	1.2200806990793173e-07	4.0669356635977244e-08	0.2599442960001897	1.0000040669356636	2.289734913010073e-09
102.0	46.124278902923606	45.64128985291565	1.3035942234715185e-07	4.345314078238395e-08	0.2788695865038067	1.0000044322203598	2.4852630981552763e-09
104.0	46.12429182592563	45.64128985291565	1.4008893290377992e-07	4.669631096792664e-08	0.29875065962694214	1.0000048564163406	2.7316228697737623e-09
106.0	46.12430559611538	45.64128985291565	1.4927264138566907e-07	4.9757547128556353e-08	0.31960460130563695	1.0000052742999956	2.954894819029912e-09
108.0	46.12432021354258	45.64128985291565	1.584568809843088e-07	5.2818960328102935e-08	0.3414472720952543	1.0000057044477155	3.175493301987424e-09
110.0	46.12433581037537	45.64128985291565	1.6907384994115427e-07	5.635794998038476e-08	0.3642932293618441	1.0000061993744978	3.451306289962147e-09
112.0	46.12435233092869	45.64128985291565	1.790871676113315e-07	5.969572253711049e-08	0.3881553456959181	1.0000066859209242	3.7002458115391987e-09
114.0	46.124369955157846	45.64128985291565	1.9105123723247896e-07	6.368374574415965e-08	0.4130455865637546	1.000007259947015	4.028059983963373e-09
116.0	46.12438867924414	45.64128985291565	2.0297389767997237e-07	6.765796589332412e-08	0.4389741442333779	1.0000078483240435	4.353002961481793e-09
118.0	46.12440838620546	45.64128985291565	2.1362842828083335e-07	7.120947609361112e-08	0.46594993600201745	1.000008402718179	4.621155241202543e-09
120.0	46.12442924375278	45.64128985291565	2.261009739665973e-07	7.53669913221991e-08	0.49398119984073136	1.0000090440389586	4.965529940404458e-09
122.0	46.12445147365343	45.64128985291565	2.409775146858682e-07	8.032583822862274e-08	0.5230747059398031	1.000009799752264	5.415508920967279e-09
124.0	46.124474854483054	45.64128985291565	2.5345374175063906e-07	8.448458058354636e-08	0.5532352365361985	1.0000104760879924	5.757044796145415e-09
126.0	46.12449955273328	45.64128985291565	2.677347580315412e-07	8.924491934384707e-08	0.5844677841751774	1.0000112448598373	6.178884179927529e-09
128.0	46.124525606527904	45.64128985291565	2.824290222445508e-07	9.414300741485028e-08	0.6167754463340602	1.000012050304949	6.618999663186525e-09
130.0	46.12455305228506	45.64128985291565	2.9751804266882613e-07	9.917268088960872e-08	0.650160487506492	1.0000128924485157	7.0768578999417885e-09
132.0	46.124581953221856	45.64128985291565	3.132923235566727e-07	1.0443077451889089e-07	0.6846242768303303	1.0000137848622366	7.566804170137574e-09
134.0	46.12461235013834	45.64128985291565	3.2950885622036586e-07	1.0983628540678862e-07	0.7201671347502487	1.0000147180622445	8.077878575957932e-09
136.0	46.124644239312026	45.64128985291565	3.4568500480646436e-07	1.1522833493548812e-07	0.7567884248671843	1.0000156710535513	8.586525165699249e-09
138.0	46.12467784238645	45.64128985291565	3.6426377888630007e-07	1.214212596287667e-07	0.7944873778799776	1.0000167561338287	9.21544509067255e-09
140.0	46.124712983594016	45.64128985291565	3.809371600256807e-07	1.2697905334189357e-07	0.8332607496690316	1.0000177770674679	9.748692567947716e-09
142.0	46.12474985440335	45.64128985291565	3.996860570711404e-07	1.3322868569038014e-07	0.8731066259008502	1.000018918473368	1.0388479542875662e-08
144.0	46.12478862781741	45.64128985291565	4.203102909398678e-07	1.4010343031328926e-07	0.9140213474738033	1.0000201748939652	1.1128573462682853e-08
146.0	46.12482908217254	45.64128985291565	4.3853160451541223e-07	1.461772015051374e-07	0.9559992458264602	1.0000213418714197	1.17433168814077e-08
148.0	46.12487144736429	45.64128985291565	4.592449727831063e-07	1.5308165759436878e-07	0.9990367799213775	1.000022656085324	1.2492896351707828e-08
150.0	46.124915660976114	45.64128985291565	4.792816807396456e-07	1.5976056024654854e-07	1.0431272591654852	1.000023964084037	1.3207788831421468e-08
152.0	46.12496204671942	45.64128985291565	5.02827405086558e-07	1.6760913502885268e-07	1.0882659113865183	1.0000254765885244	1.4120217010378484e-08
154.0	46.12501034210609	45.64128985291565	5.235276575455703e-07	1.7450921918185677e-07	1.134443529477457	1.000026874419754	1.4876901350450563e-08
156.0	46.12506071337771	45.64128985291565	5.460299222260696e-07	1.820099740753565e-07	1.1816544388607002	1.0000283935559557	1.5738482358293745e-08
158.0	46.125113294159696	45.64128985291565	5.699806263292889e-07	1.8999354210976296e-07	1.2298906061464887	1.0000300189796534	1.6688109663742507e-08
160.0	46.12516793565707	45.64128985291565	5.923182998245377e-07	1.974394332748459e-07	1.2791422231746246	1.000031590309324	1.7547219845563052e-08
162.0	46.12522496064524	45.64128985291565	6.181548027405541e-07	2.0605160091351805e-07	1.3294026765996843	1.000033380359348	1.8618743406329606e-08
164.0	46.125284236704346	45.64128985291565	6.425557724140464e-07	2.141852574713488e-07	1.380660232900561	1.0000351263822254	1.9609957586683598e-08
166.0	46.12534597278598	45.64128985291565	6.69221693211654e-07	2.2307389773721798e-07	1.4329068679462815	1.0000370302670243	2.074572847334407e-08
168.0	46.12541010637719	45.64128985291565	6.952098662534574e-07	2.317366220844858e-07	1.4861307489272249	1.0000389317525102	2.1846570170295728e-08
170.0	46.12547669067418	45.64128985291565	7.21774579798539e-07	2.4059152659951297e-07	1.5403218056578167	1.0000409005595219	2.2990075551628434e-08
172.0	46.125545868138815	45.64128985291565	7.498834656520287e-07	2.499611552173429e-07	1.5954695011943065	1.0000429933186974	2.423973808117601e-08
174.0	46.12561762113673	45.64128985291565	7.778010706205907e-07	2.592670235401969e-07	1.6515612978638747	1.000045112462096	2.548547466899034e-08
176.0	46.12569200649051	45.64128985291565	8.063345014477516e-07	2.687781671492505e-07	1.7085857993422355	1.0000473049574183	2.6779851460767174e-08
178.0	46.12576916886093	45.64128985291565	8.364359108792832e-07	2.788119702930944e-07	1.7665314258700642	1.000049628530712	2.8188145485839372e-08
180.0	46.12584910647035	45.64128985291565	8.665179016101439e-07	2.8883930053671463e-07	1.82538454800591	1.0000519910740966	2.960577920570731e-08
182.0	46.12593179089568	45.64128985291565	8.962916339903354e-07	2.9876387799677846e-07	1.8851319849172392	1.0000543750257953	3.101218541337177e-08
184.0	46.12601740871776	45.64128985291565	9.280877237145829e-07	3.093625745715276e-07	1.9457622776510042	1.0000569227137213	3.256949061815948e-08
186.0	46.12610598333104	45.64128985291565	9.601372311708639e-07	3.200457437236213e-07	2.007260591312151	1.0000595285083327	3.415714064214079e-08
188.0	46.12619743760422	45.64128985291565	9.913504644752901e-07	3.3045015482509673e-07	2.069612159413299	1.000062124629107	3.5696848205050374e-08
190.0	46.12629205843771	45.64128985291565	1.0256734648651572e-06	3.418911549550524e-07	2.13280626812151	1.0000649593194415	3.747381299676478e-08
192.0	46.126389752756964	45.64128985291565	1.0589873463864001e-06	3.5299578212880004e-07	2.196825038476981	1.0000677751901688	3.919184176228257e-08
194.0	46.12649068725911	45.64128985291565	1.094107979011711e-06	3.647026596705703e-07	2.261656426543233	1.0000707523159762	4.105866195452214e-08
196.0	46.12659470078605	45.64128985291565	1.1274814688230495e-06	3.7582715627434985e-07	2.327282208166899	1.0000736621226298	4.280910509461731e-08
198.0	46.12670210422867	45.64128985291565	1.1642247093712217e-06	3.8807490312374056e-07	2.3936923733743964	1.0000768388308185	4.483134746975862e-08
200.0	46.126812724056315	45.64128985291565	1.19908667429377e-06	3.996955580979233e-07	2.4608663826067056	1.0000799391116195	4.672566276008024e-08
202.0	46.12692678326952	45.64128985291565	1.236365645785149e-06	4.12121881928383e-07	2.528793283372631	1.0000832486201496	4.882534570063646e-08
204.0	46.127044262713554	45.64128985291565	1.2734367128763603e-06	4.244789042921201e-07	2.5974546731115224	1.0000865936964756	5.092739443251774e-08
206.0	46.12716520846786	45.64128985291565	1.3110069834007138e-06	4.370023278002379e-07	2.6668355203345855	1.0000900224795268	5.308803773465588e-08
208.0	46.127289687584025	45.64128985291565	1.34930377364597e-06	4.4976792454865667e-07	2.7369201669260224	1.000093551728306	5.5327050785275423e-08
210.0	46.12741767528639	45.64128985291565	1.3873316991990038e-06	4.6244389973300126e-07	2.8076913135460018	1.000097113218944	5.756368739963178e-08
212.0	46.12754930770053	45.64128985291565	1.4268348497754558e-06	4.7561161659181863e-07	2.8791349428256177	1.0001008296627174	5.994328603020663e-08
214.0	46.12768463782743	45.64128985291565	1.4669121699842994e-06	4.889707233280998e-07	2.951233647754503	1.0001046397347921	6.239344519870156e-08
216.0	46.127823757054394	45.64128985291565	1.5079797312327349e-06	5.026599104109116e-07	3.0239716164464356	1.0001085745406488	6.495146077396297e-08
218.0	46.12796653965142	45.64128985291565	1.5476840808266214e-06	5.158946936088738e-07	3.0973290533815234	1.0001124650432067	6.741507104097242e-08
220.0	46.12811312435424	45.64128985291565	1.5888918786360122e-06	5.296306262120041e-07	3.171293376923527	1.0001165187377667	7.003248693208104e-08
222.0	46.12826365856436	45.64128985291565	1.6316970272358674e-06	5.438990090786224e-07	3.2458482357436194	1.0001207455800154	7.281650407758307e-08
224.0	46.12841810671175	45.64128985291565	1.674116204921694e-06	5.580387349738979e-07	3.3209740214611165	1.0001250006766342	7.559293541049772e-08
226.0	46.12857634834323	45.64128985291565	1.715229331252423e-06	5.717431104174743e-07	3.3966524427290308	1.0001292139429543	7.827636999242386e-08
228.0	46.12873863790388	45.64128985291565	1.7591000362036552e-06	5.863666787345518e-07	3.4728732258531334	1.0001336916027515	8.123767384792729e-08
230.0	46.1289050160163	45.64128985291565	1.8034105996691871e-06	6.011368665563957e-07	3.549616030281408	1.000138261479308	8.426898221918263e-08
232.0	46.12907536478822	45.64128985291565	1.84644283085481e-06	6.1548094361827e-07	3.6268611357673706	1.0001427915789194	8.720922880599206e-08
234.0	46.12924985492694	45.64128985291565	1.8913249110081998e-06	6.304416370027333e-07	3.704597172688079	1.0001475233430586	9.035297405442698e-08
236.0	46.12942850752942	45.64128985291565	1.936435158176039e-06	6.454783860586796e-07	3.7828046695656656	1.0001523328991098	9.35493958430169e-08
238.0	46.12961134104619	45.64128985291565	1.9817448718723193e-06	6.605816239574398e-07	3.8614668992337955	1.000157218426502	9.679631638073616e-08
240.0	46.12979848122346	45.64128985291565	2.0284170170429223e-06	6.76139005680974e-07	3.9405694570030945	1.0001622733613635	1.002091113857672e-07
242.0	46.129989715861335	45.64128985291565	2.0727885680267513e-06	6.909295226755838e-07	4.020088720733779	1.0001672049444874	1.0342654175455599e-07
244.0	46.13018541921922	45.64128985291565	2.1212161447175837e-06	7.070720482391946e-07	4.100020646996816	1.0001725255797704	1.0708231183000037e-07
246.0	46.130385331851194	45.64128985291565	2.166831004044632e-06	7.222770013482106e-07	4.180335178792181	1.0001776801423317	1.1048926250921413e-07
248.0	46.13058964549617	45.64128985291565	2.214523502337364e-06	7.381745007791214e-07	4.261025882758157	1.0001830672761933	1.1414213981295668e-07
250.0	46.130798309228545	45.64128985291565	2.2616633992364236e-06	7.538877997454745e-07	4.342071099074347	1.0001884719499363	1.1777385649693305e-07
252.0	46.13101138672635	45.64128985291565	2.30949285091351e-06	7.698309503045033e-07	4.423457343381293	1.0001939973994767	1.215133029627232e-07
254.0	46.131229021011414	45.64128985291565	2.3588718144517727e-06	7.862906048172575e-07	4.505170616401318	1.0001997178136235	1.2545416646426524e-07
256.0	46.13145097479237	45.64128985291565	2.405678167136237e-06	8.018927223787457e-07	4.587185702662377	1.000205284536929	1.2915901360057536e-07
258.0	46.13167758383033	45.64128985291565	2.456123026382388e-06	8.18707675460796e-07	4.669501116298767	1.000211226580269	1.3329308264006927e-07
260.0	46.13190858279851	45.64128985291565	2.503691392513489e-06	8.345637975044964e-07	4.752086028067049	1.0002169865873511	1.3715478925196582e-07
262.0	46.13214425817701	45.64128985291565	2.5543640588271606e-06	8.514546862757202e-07	4.8349392423549835	1.0002230811278043	1.4139641863416294e-07
264.0	46.13238448581127	45.64128985291565	2.6036903132074808e-06	8.678967710691603e-07	4.918034703261113	1.0002291247475623	1.455310972069064e-07
266.0	46.132629311677746	45.64128985291565	2.653514111648941e-06	8.845047038829803e-07	5.001361767057098	1.000235278251233	1.4976257057959046e-07
268.0	46.132878801990906	45.64128985291565	2.7040547751304312e-06	9.013515917101437e-07	5.084906060714927	1.0002415622265783	1.5411762007416396e-07
270.0	46.13313286110603	45.64128985291565	2.7535580015732615e-06	9.178526671910872e-07	5.168648179697327	1.0002478202201417	1.5839705651165693e-07
272.0	46.13339171414802	45.64128985291565	2.8055003631629825e-06	9.351667877209942e-07	5.252582761437428	1.0002543653662601	1.6300125628117615e-07
274.0	46.13365512367102	45.64128985291565	2.8548683850613633e-06	9.516227950204544e-07	5.336681815157633	1.0002607446458356	1.6735096002945262e-07
276.0	46.133923378686575	45.64128985291565	2.907367894830597e-06	9.69122631610199e-07	5.420946761874101	1.0002674778463243	1.7211281931082317e-07
278.0	46.13419632083443	45.64128985291565	2.9581501838851115e-06	9.860500612950372e-07	5.505350061961151	1.0002741219170401	1.7671855941014214e-07
280.0	46.13447401532893	45.64128985291565	3.0096383663928844e-06	1.003212788797628e-06	5.589884639960403	1.0002808995808634	1.81454731366731e-07
282.0	46.1347564753184	45.64128985291565	3.0612681243206475e-06	1.0204227081068824e-06	5.674535246618782	1.000287759203686	1.8625532148039666e-07
284.0	46.13504366649275	45.64128985291565	3.1125250927119213e-06	1.0375083642373072e-06	5.759286847858065	1.0002946523754435	1.9105798679200468e-07
286.0	46.13533575898814	45.64128985291565	3.1656250019416387e-06	1.0552083339805462e-06	5.844132924928566	1.0003017895835185	1.9613607315803488e-07
288.0	46.13563252930948	45.64128985291565	3.2163017398614906e-06	1.0721005799538302e-06	5.929047353054657	1.0003087649670268	2.0096319537533313e-07
290.0	46.13593426614804	45.64128985291565	3.2701062282695165e-06	1.0900354094231721e-06	6.0140345450517225	1.0003161102687328	2.0623103854244312e-07
292.0	46.136240737126684	45.64128985291565	3.3213912703591144e-06	1.1071304234530382e-06	6.0990641176055735	1.0003232820836483	2.1123255143669219e-07
294.0	46.13655210775257	45.64128985291565	3.374468973982727e-06	1.1248229913275757e-06	6.184137398404827	1.0003306979594504	2.1651257384311284e-07
296.0	46.13686823235853	45.64128985291565	3.4259669558832216e-06	1.1419889852944073e-06	6.269231230711468	1.000338028739647	2.2164134739043243e-07
298.0	46.13718929318341	45.64128985291565	3.4794388650715175e-06	1.159812955023839e-06	6.3543454090300395	1.000345624260597	2.2707739717098546e-07
300.0	46.137515349582905	45.64128985291565	3.5335529156563513e-06	1.1778509718854504e-06	6.439463910433328	1.0003533552915655	2.3265256800889483e-07
302.0	46.13784615098347	45.64128985291565	3.5849503171002075e-06	1.1949834390334025e-06	6.524563590508042	1.000360884998588	2.37923851651821e-07
304.0	46.13818191105962	45.64128985291565	3.638662228063218e-06	1.212887409354406e-06	6.609650514576912	1.0003687177724438	2.4355550877814535e-07
306.0	46.13852252534689	45.64128985291565	3.6912408895026754e-06	1.230413629834225e-06	6.694701585723055	1.0003765065707293	2.4909073300753973e-07
308.0	46.138867917946705	45.64128985291565	3.7429958839908947e-06	1.2476652946636315e-06	6.779706899414386	1.0003842809107564	2.5456830982124073e-07
310.0	46.13921842651511	45.64128985291565	3.7984088494099844e-06	1.2661362831366614e-06	6.864672213764053	1.0003925022477724	2.6060002256980903e-07
312.0	46.139573701774104	45.64128985291565	3.8500355133090425e-06	1.2833451711030142e-06	6.9495598521995845	1.0004004036933842	2.661700898423951e-07
314.0	46.13993399862151	45.64128985291565	3.904423236904282e-06	1.3014744123014271e-06	7.034383860689231	1.0004086629654627	2.721781381512065e-07
316.0	46.1402991558307	45.64128985291565	3.957062543687126e-06	1.3190208478957087e-06	7.1191173795850755	1.000416810587935	2.7800081702028006e-07
318.0	46.14066924118384	45.64128985291565	4.010435128487988e-06	1.3368117094959959e-06	7.203760061199307	1.0004251061236198	2.8398386771744043e-07
320.0	46.14104429376285	45.64128985291565	4.064229942668925e-06	1.354743314222975e-06	7.288301269561439	1.0004335178605515	2.900858411969343e-07
322.0	46.141424183121025	45.64128985291565	4.116609885908379e-06	1.372203295302793e-06	7.372724454650454	1.0004418494610876	2.9604463643562706e-07
324.0	46.14180900460123	45.64128985291565	4.170021699765047e-06	1.3900072332550157e-06	7.457030198011384	1.0004503623435745	3.022103010825353e-07
326.0	46.14219875234377	45.64128985291565	4.223368686157759e-06	1.4077895620525865e-06	7.541205325400599	1.0004589393972292	3.08426736983187e-07
328.0	46.14259341828327	45.64128985291565	4.27662692900505e-06	1.4255423096683499e-06	7.625241088715887	1.0004675778775711	3.1469069756107373e-07
330.0	46.14299300887583	45.64128985291565	4.3299537689125036e-06	1.4433179229708345e-06	7.709129709638532	1.0004762949145805	3.2102568024388414e-07
332.0	46.143397593175536	45.64128985291565	4.3840274907055135e-06	1.4613424969018378e-06	7.792865857309069	1.0004851657089715	3.2753362950766597e-07
334.0	46.1438069473648	45.64128985291565	4.435674556031612e-06	1.4785581853438708e-06	7.8764280864740845	1.0004938384339048	3.3374043962437824e-07
336.0	46.1442212615507	45.64128985291565	4.489380193193659e-06	1.4964600643978863e-06	7.959827641863771	1.0005028105816376	3.403177608554035e-07
338.0	46.14464042284777	45.64128985291565	4.541861208345644e-06	1.5139537361152146e-06	8.043042900064076	1.000511716362807	3.4677214664821296e-07
340.0	46.14506457362225	45.64128985291565	4.5958834069490586e-06	1.5319611356496862e-06	8.126078536031445	1.000520866786121	3.535249527648493e-07
342.0	46.145493694932576	45.64128985291565	4.649698882110727e-06	1.5498996273702423e-06	8.208919791939715	1.0005300656725606	3.6031136069758773e-07
344.0	46.14592755945734	45.64128985291565	4.701049767003856e-06	1.5670165890012853e-06	8.2915495139922	1.0005390537066163	3.667792260266201e-07
346.0	46.146366218564616	45.64128985291565	4.752955791269758e-06	1.5843185970899194e-06	8.373974340862246	1.0005481742345932	3.7339494912554626e-07
348.0	46.146809853814354	45.64128985291565	4.806827558606565e-06	1.602275852868855e-06	8.456194268613046	1.0005575919967984	3.803837614163908e-07
350.0	46.147258430118804	45.64128985291565	4.860317602353889e-06	1.6201058674512961e-06	8.53819229812101	1.000567037053608	3.873791348447897e-07
352.0	46.14771173416455	45.64128985291565	4.911494866323198e-06	1.6371649554410662e-06	8.6199531471366	1.0005762820643151	3.9407077344735e-07
354.0	46.14816996386933	45.64128985291565	4.964815020686249e-06	1.6549383402287497e-06	8.701491597526616	1.000585848172441	4.011705951503707e-07
356.0	46.148632993514234	45.64128985291565	5.0167714696768705e-06	1.672257156558957e-06	8.782785391262685	1.000595323547735	4.0811646108382244e-07
358.0	46.14910076686174	45.64128985291565	5.068117050995622e-06	1.6893723503318738e-06	8.863832365490964	1.0006047953014188	4.1502754077584565e-07
360.0	46.149573523348	45.64128985291565	5.1220552340645215e-06	1.7073517446881738e-06	8.944642577727333	1.0006146466280876	4.224298748365089e-07
362.0	46.150050998007856	45.64128985291565	5.173121043158207e-06	1.7243736810527357e-06	9.025184299736361	1.000624223272541	4.2942652378575063e-07
364.0	46.150533184475115	45.64128985291565	5.224116299244142e-06	1.7413720997480473e-06	9.105465946063282	1.0006338594443083	4.3647614547365245e-07
366.0	46.15102030724086	45.64128985291565	5.277542122864773e-06	1.7591807076215911e-06	9.185495088277438	1.0006438601389895	4.439991592211888e-07
368.0	46.151512203125584	45.64128985291565	5.329198373585472e-06	1.7763994578618241e-06	9.265246155226388	1.000653715000493	4.5129391094213554e-07
370.0	46.15200881537755	45.64128985291565	5.380238135849224e-06	1.7934127119497413e-06	9.344720220312032	1.0006635627034215	4.585513061577765e-07
372.0	46.152510130730214	45.64128985291565	5.431132528490265e-06	1.810377509496755e-06	9.423915202338678	1.0006734604335328	4.6585054239269476e-07
374.0	46.153016222254614	45.64128985291565	5.482816893020949e-06	1.827605631006983e-06	9.502831673492452	1.0006835245059966	4.733529049758672e-07
376.0	46.153527065032684	45.64128985291565	5.534229611449125e-06	1.844743203816375e-06	9.581460133773284	1.0006936234446349	4.808773250382756e-07
378.0	46.15404262976358	45.64128985291565	5.585323199354827e-06	1.8617743997849424e-06	9.659796368835979	1.0007037507231187	4.884151213900427e-07
380.0	46.1545629057739	45.64128985291565	5.636299451531879e-06	1.8787664838439595e-06	9.737837650275718	1.0007139312638607	4.960012088136742e-07
382.0	46.15508776849612	45.64128985291565	5.685924523728916e-06	1.8953081745763054e-06	9.815573774228076	1.0007240077226882	5.034175381596027e-07
384.0	46.15561738138982	45.64128985291565	5.7373186717451685e-06	1.9124395572483894e-06	9.893017818401928	1.0007343767899834	5.112153096318258e-07
386.0	46.15615160159395	45.64128985291565	5.787163453108964e-06	1.9290544843696544e-06	9.970148775866274	1.0007446150309667	5.188068032960074e-07
388.0	46.15669052220234	45.64128985291565	5.838014974078555e-06	1.946004991359518e-06	10.04697715633752	1.0007550499366475	5.266478189980863e-07
390.0	46.15723401007317	45.64128985291565	5.887422437351265e-06	1.962474145783755e-06	10.123486629199071	1.0007653649168557	5.342980319376075e-07
392.0	46.157782160956614	45.64128985291565	5.937865376928462e-06	1.979288458976154e-06	10.199687778424199	1.0007758810759186	5.422052577487973e-07
394.0	46.1583349086922	45.64128985291565	5.987589846227729e-06	1.9958632820759096e-06	10.275568218216193	1.0007863701331379	5.500516901556858e-07
396.0	46.158892209376454	45.64128985291565	6.036836958689756e-06	2.0122789862299186e-06	10.351126576096298	1.000796862478547	5.578799400403875e-07
398.0	46.159454063124585	45.64128985291565	6.086083539251208e-06	2.028694513083736e-06	10.426362958434293	1.0008074204162074	5.657774359130737e-07
400.0	46.160020488205255	45.64128985291565	6.135526211983359e-06	2.045175403994453e-06	10.501276091889993	1.0008180701615979	5.737813753883947e-07
402.0	46.16059145838908	45.64128985291565	6.184682954903451e-06	2.061560984967817e-06	10.575860989585415	1.000828747515957	5.818023550474465e-07
404.0	46.161166887485955	45.64128985291565	6.23290428801593e-06	2.0776347626719766e-06	10.650111744910136	1.0008393644441196	5.897172112995011e-07
406.0	46.16174685711455	45.64128985291565	6.2820078834858836e-06	2.094002627828628e-06	10.724036717964836	1.0008501650668984	5.978687289503192e-07
408.0	46.162331405471384	45.64128985291565	6.33152335680668e-06	2.1105077856022266e-06	10.797631348818278	1.0008610871765258	6.061704155073347e-07
410.0	46.16292033466887	45.64128985291565	6.378893564873931e-06	2.1262978549579772e-06	10.870878969941224	1.0008717821205328	6.141325141162456e-07
412.0	46.16351371173294	45.64128985291565	6.4269879350038485e-06	2.1423293116679494e-06	10.943794503186014	1.0008826396764072	6.223031816308514e-07
414.0	46.164111560983265	45.64128985291565	6.475343862030066e-06	2.158447954010022e-06	11.016373701919157	1.0008935974529602	6.305953194890387e-07
416.0	46.16471374858717	45.64128985291565	6.522248382353816e-06	2.174082794117939e-06	11.088604959893082	1.000904418442353	6.38675330618504e-07
418.0	46.16532039625869	45.64128985291565	6.570469328896319e-06	2.1901564429654397e-06	11.160503253983704	1.0009154853931594	6.470830891148477e-07
420.0	46.16593142262607	45.64128985291565	6.6178070696324775e-06	2.2059356898774924e-06	11.232054246061898	1.0009264929897486	6.553884933341862e-07
422.0	46.16654664147859	45.64128985291565	6.663126179393437e-06	2.221042059797812e-06	11.303249837934109	1.0009372797492346	6.633633853595655e-07
424.0	46.16716645605589	45.64128985291565	6.7128107080631385e-06	2.2376035693543796e-06	11.374127412890807	1.0009487439134062	6.722776877967437e-07
426.0	46.16779053077197	45.64128985291565	6.758858773289253e-06	2.2529529244297513e-06	11.444637667088914	1.0009597579458072	6.805378650034828e-07
428.0	46.168418837635535	45.64128985291565	6.804601826780105e-06	2.2682006089267017e-06	11.514799753924734	1.0009707898606206	6.888056856825383e-07
430.0	46.169051463391156	45.64128985291565	6.851282451819209e-06	2.2837608172730696e-06	11.584620462249156	1.0009820171514274	6.973330519131871e-07
432.0	46.16968837416298	45.64128985291565	6.897594293541937e-06	2.299198097847312e-06	11.65409107477363	1.00099325357827	7.058566048874085e-07
434.0	46.17032955730048	45.64128985291565	6.943767221255312e-06	2.3145890737517704e-06	11.723212341196668	1.0010045316580083	7.144227693197686e-07
436.0	46.17097493478522	45.64128985291565	6.9890933304190686e-06	2.329697776806356e-06	11.791979268416382	1.0010157482306876	7.228853366463559e-07
438.0	46.17162453049903	45.64128985291565	7.03467616535592e-06	2.34489205511864e-06	11.860398208680149	1.0010270627201419	7.314710175533295e-07
440.0	46.17227834594258	45.64128985291565	7.080273330181818e-06	2.3600911100606063e-06	11.92846725542817	1.0010384400884267	7.401304880606175e-07
442.0	46.17293638403035	45.64128985291565	7.125900121718686e-06	2.3753000405728955e-06	11.996186157348355	1.0010498826179333	7.488674208420504e-07
444.0	46.17359845790541	45.64128985291565	7.169501518769154e-06	2.389833839589718e-06	12.063541626042307	1.0010610862247777	7.57248976650266e-07
446.0	46.17426481198795	45.64128985291565	7.215747795220014e-06	2.405249265073338e-06	12.130563066402448	1.0010727411722227	7.662588204436239e-07
448.0	46.174935123511965	45.64128985291565	7.258496986804165e-06	2.4194989956013885e-06	12.197211248776812	1.0010839355500294	7.745974664128713e-07
450.0	46.17560974437533	45.64128985291565	7.3050548047313525e-06	2.4350182682437843e-06	12.263532813798971	1.0010957582207096	7.838183388011811e-07
452.0	46.17628819271285	45.64128985291565	7.346392838990237e-06	2.4487976129967456e-06	12.329469785968843	1.0011068565210746	7.919910212940374e-07
454.0	46.17697095857445	45.64128985291565	7.393035346930434e-06	2.464345115643478e-06	12.395090039865023	1.0011188126825021	8.013755383551414e-07
456.0	46.177657545156656	45.64128985291565	7.434296446392457e-06	2.478098815464152e-06	12.460324594599916	1.0011300130598517	8.096662621634673e-07
458.0	46.17834839245107	45.64128985291565	7.480319825005598e-06	2.4934399416685327e-06	12.52523947729179	1.001141995493284	8.190625655696648e-07
460.0	46.17904309939642	45.64128985291565	7.521998615476459e-06	2.5073328718254866e-06	12.58977560640894	1.0011533731210398	8.275803646502914e-07
462.0	46.179741876683444	45.64128985291565	7.565956764450907e-06	2.5219855881503026e-06	12.653976544900694	1.0011651573417255	8.366678287785517e-07
464.0	46.1804444900977	45.64128985291565	7.607377019680597e-06	2.5357923398935323e-06	12.71781101736626	1.0011766076457107	8.452642687897631e-07
466.0	46.18115114743158	45.64128985291565	7.651045173791098e-06	2.5503483912636994e-06	12.781310960472965	1.0011884623503289	8.544284689620078e-07
468.0	46.18186167820461	45.64128985291565	7.692865545575473e-06	2.5642885151918243e-06	12.844449768398826	1.0012000870251099	8.63250774456132e-07
470.0	46.1825762678278	45.64128985291565	7.73669138941843e-06	2.578897129806143e-06	12.907253548241645	1.0012120816510088	8.725928053610258e-07
472.0	46.18329456170145	45.64128985291565	7.776676094115974e-06	2.592225364705325e-06	12.969683837674738	1.0012235303721408	8.811390513317212e-07
474.0	46.184016921189766	45.64128985291565	7.820571217036692e-06	2.606857072345564e-06	13.031793071875539	1.0012356502522919	8.906390411515512e-07
476.0	46.18474297996648	45.64128985291565	7.860498340285949e-06	2.6201661134286496e-06	13.093529071237255	1.001247199069992	8.993067140290172e-07
478.0	46.185472834169786	45.64128985291565	7.901464382117974e-06	2.6338214607059914e-06	13.154926118790474	1.0012589666582175	9.082783431081226e-07
480.0	46.186206695003534	45.64128985291565	7.944714958128286e-06	2.6482383193760954e-06	13.215993466615373	1.0012711543933006	9.178448284402911e-07
482.0	46.186944180804076	45.64128985291565	7.983831681740877e-06	2.661277227246959e-06	13.276688384534843	1.001282735623533	9.265271681265186e-07
484.0	46.187685467474715	45.64128985291565	8.024850786155434e-06	2.6749502620518113e-06	13.337052618381666	1.001294675926833	9.357170362512075e-07
486.0	46.18843062885476	45.64128985291565	8.066667256689946e-06	2.6888890855633153e-06	13.39707958104223	1.0013068000955838	9.451626090301649e-07
488.0	46.18917933704781	45.64128985291565	8.104932153538966e-06	2.701644051179655e-06	13.45674037028499	1.0013184022969757	9.53845137661853e-07
490.0	46.18993195547833	45.64128985291565	8.147129277030738e-06	2.7157097590102457e-06	13.516087203980973	1.001330697781915	9.63519571712094e-07
492.0	46.190688155600824	45.64128985291565	8.185767877124511e-06	2.728589292374837e-06	13.575069588915145	1.0013424659318484	9.724230154995173e-07
494.0	46.19144802201413	45.64128985291565	8.225320336692466e-06	2.7417734455641556e-06	13.63371926034858	1.0013544360821087	9.816094442467303e-07
496.0	46.19221161622403	45.64128985291565	8.26553661552354e-06	2.75517887184118e-06	13.692035571360885	1.0013665687204332	9.910223070330362e-07
498.0	46.19297890123912	45.64128985291565	8.305350493593168e-06	2.768450164531056e-06	13.750012184572881	1.0013786881819364	1.0004077960147956e-06
500.0	46.19374974307412	45.64128985291565	8.343712110960278e-06	2.781237370320093e-06	13.80764285723823	1.00139061868516	1.0095113502215139e-06
502.0	46.194524172624156	45.64128985291565	8.382406216661317e-06	2.7941354055537724e-06	13.864941105636706	1.001402655973588	1.0187614443574828e-06
504.0	46.19530228307815	45.64128985291565	8.422107034648633e-06	2.8073690115495443e-06	13.921912814685271	1.001414913981821	1.0283237376105045e-06
506.0	46.19608384526981	45.64128985291565	8.459325440417433e-06	2.8197751468058107e-06	13.97853468688502	1.0014268062242837	1.037347831917476e-06
508.0	46.19686895037075	45.64128985291565	8.497528746893988e-06	2.8325095822979957e-06	14.03483221830632	1.0014389148678073	1.0466783035931e-06
510.0	46.19765774979973	45.64128985291565	8.537368948413978e-06	2.845789649471326e-06	14.090811277917428	1.0014513527212303	1.0564796676697665e-06
512.0	46.1984498585549	45.64128985291565	8.573040211916444e-06	2.8576800706388146e-06	14.14643210253993	1.0014631321961671	1.0653175329414418e-06
514.0	46.19924557287706	45.64128985291565	8.611915817468818e-06	2.8706386058229394e-06	14.201748046435592	1.001475508243393	1.0750153337302704e-06
516.0	46.2000447473641	45.64128985291565	8.64921577325008e-06	2.8830719244166934e-06	14.256726580549625	1.001487665112999	1.0843878641149415e-06
518.0	46.200847371286116	45.64128985291565	8.68639766911379e-06	2.895465889704597e-06	14.311379309430542	1.001499851330867	1.0937965066157587e-06
520.0	46.20165344367022	45.64128985291565	8.723567098492405e-06	2.9078556994974684e-06	14.36570831200013	1.0015120849637387	1.1032677859905678e-06
522.0	46.20246288763868	45.64128985291565	8.759902602305552e-06	2.9199675341018504e-06	14.41970905261995	1.0015242230528012	1.1125936967363608e-06
524.0	46.203275778593195	45.64128985291565	8.797052188434534e-06	2.932350729478178e-06	14.473394661302681	1.0015365517822465	1.122191293971428e-06
526.0	46.20409208396518	45.64128985291565	8.83384736502039e-06	2.94461578834013e-06	14.526758178206142	1.001548867904667	1.1317647624831715e-06
528.0	46.20491161201254	45.64128985291565	8.868565644243474e-06	2.956188548081158e-06	14.579788574369898	1.001560867553387	1.1408709403737133e-06
530.0	46.20573460217604	45.64128985291565	8.905873150562492e-06	2.9686243835208307e-06	14.63252080996331	1.0015733709232661	1.1507063682867853e-06
532.0	46.206560935537894	45.64128985291565	8.941891834117789e-06	2.9806306113725963e-06	14.684928410935676	1.0015856954852502	1.1602756470032636e-06
534.0	46.20739057131094	45.64128985291565	8.977467228104407e-06	2.9924890760348024e-06	14.737018874945278	1.0015979891666025	1.1697946367676687e-06
536.0	46.20822337752866	45.64128985291565	9.011612724997908e-06	3.0038709083326363e-06	14.788786501087648	1.0016100748068664	1.1790045162972117e-06
538.0	46.20905957464411	45.64128985291565	9.048141806007873e-06	3.016047268669291e-06	14.840260356918893	1.001622633430544	1.1889007207898979e-06
540.0	46.20989896355503	45.64128985291565	9.082514539845832e-06	3.0275048466152773e-06	14.891409016344257	1.0016348526171723	1.198295968050472e-06
542.0	46.2107416845914	45.64128985291565	9.118403797368821e-06	3.0394679324562738e-06	14.942260617099691	1.0016473916193913	1.2081544773198848e-06
544.0	46.211587517243544	45.64128985291565	9.151905177366629e-06	3.0506350591222098e-06	14.99278824610152	1.0016595454721624	1.2174448932495385e-06
546.0	46.212436689415156	45.64128985291565	9.18787058868903e-06	3.06262352956301e-06	15.043028758524258	1.0016721924471415	1.2274530027656715e-06
548.0	46.21328889113514	45.64128985291565	9.220480254201375e-06	3.073493418067125e-06	15.09294118280732	1.0016842743931007	1.2366293465448663e-06
550.0	46.214144408082774	45.64128985291565	9.256178992652086e-06	3.0853929975506955e-06	15.142574138420116	1.0016969661486528	1.2466952204935662e-06
552.0	46.21500286690311	45.64128985291565	9.287836346797518e-06	3.0959454489325058e-06	15.191876954440463	1.0017089618878108	1.2557368670251856e-06
554.0	46.21586474711503	45.64128985291565	9.324679849059397e-06	3.1082266163531324e-06	15.240918823607785	1.0017219575454597	1.2662412753539496e-06
556.0	46.21672958721202	45.64128985291565	9.356528345048428e-06	3.1188427816828095e-06	15.289626558188596	1.0017340765866156	1.2754560765486646e-06
558.0	46.21759745386117	45.64128985291565	9.389096295824651e-06	3.1296987652748837e-06	15.33804364701328	1.0017463719110233	1.2849259198410185e-06
560.0	46.21846850462855	45.64128985291565	9.423367022152829e-06	3.1411223407176097e-06	15.38617892473355	1.0017590285108018	1.2949229261188593e-06
562.0	46.219342582311505	45.64128985291565	9.45593516226955e-06	3.1519783874231833e-06	15.434008859928984	1.0017714118537318	1.3045154096830413e-06
564.0	46.220219770350155	45.64128985291565	9.48940410703885e-06	3.1631347023462837e-06	15.48155421511389	1.0017840079721234	1.3144175321666918e-06
566.0	46.2210999870773	45.64128985291565	9.521987687643346e-06	3.1739958958811155e-06	15.528803368056943	1.0017964816770688	1.324136802768724e-06
568.0	46.22198319467676	45.64128985291565	9.554160326177034e-06	3.184720108725678e-06	15.575761377465138	1.0018089210217562	1.3338026735677125e-06
570.0	46.22286937829217	45.64128985291565	9.586170412403253e-06	3.195390137467751e-06	15.62243166007235	1.0018213723783567	1.3434834541256603e-06
572.0	46.2237584903056	45.64128985291565	9.617663565578884e-06	3.2058878551929615e-06	15.668813163740873	1.0018337678531704	1.3530793068140462e-06
574.0	46.22465062297366	45.64128985291565	9.650152834831072e-06	3.216717611610357e-06	15.714918706922914	1.0018463959090644	1.3630151472216741e-06
576.0	46.225545784785695	45.64128985291565	9.682732048462365e-06	3.2275773494874553e-06	15.760743160815089	1.0018590845533049	1.3730380565802445e-06
578.0	46.226443771622996	45.64128985291565	9.713101511906398e-06	3.237700503968799e-06	15.806270972568985	1.001871390891294	1.3824952980732175e-06
580.0	46.227344707594874	45.64128985291565	9.744811609653997e-06	3.248270536551332e-06	15.851530166515294	1.0018839969111997	1.3923921098618176e-06
582.0	46.22824852915409	45.64128985291565	9.775832517850263e-06	3.258610839283421e-06	15.896507207298606	1.001896511508463	1.4021520972598213e-06
584.0	46.22915519905608	45.64128985291565	9.806448771492548e-06	3.2688162571641825e-06	15.94120579675053	1.0019089886941839	1.411854920539213e-06
586.0	46.23006483885771	45.64128985291565	9.8383779425566e-06	3.279459314185533e-06	15.98564036838756	1.0019217631581128	1.4219947479161642e-06
588.0	46.230977257861696	45.64128985291565	9.868242746022538e-06	3.2894142486741796e-06	16.029787255580313	1.0019341755782205	1.4315983778590952e-06
590.0	46.231892602103244	45.64128985291565	9.899685187733062e-06	3.2998950625776875e-06	16.07367529722653	1.0019469380869208	1.44171749863915e-06
592.0	46.23281066982122	45.64128985291565	9.928943704263145e-06	3.3096479014210483e-06	16.117277904932543	1.0019593115576413	1.451260295522546e-06
594.0	46.23373147450703	45.64128985291565	9.958346382919318e-06	3.3194487943064393e-06	16.160614098721556	1.001971752583818	1.4609013695778768e-06
596.0	46.23465525120014	45.64128985291565	9.990289163831263e-06	3.330096387943754e-06	16.203703472114075	1.0019847374472144	1.4713453537722574e-06
598.0	46.23558176127009	45.64128985291565	1.001964938332927e-05	3.3398831277764233e-06	16.246509142108298	1.0019972501104104	1.4810898594363525e-06
600.0	46.23651096191227	45.64128985291565	1.0048544938623508e-05	3.3495149795411694e-06	16.289048588124718	1.0020097089877247	1.49075355054053e-06
602.0	46.23744289827294	45.64128985291565	1.0077926959418614e-05	3.3593089864728713e-06	16.331330542423046	1.0020223040098566	1.5006176536736562e-06
604.0	46.2383776148661	45.64128985291565	1.0107788564571189e-05	3.369262854857063e-06	16.373356539301057	1.0020350347643336	1.5106818542477462e-06
606.0	46.239315054138075	45.64128985291565	1.0137025997974242e-05	3.379008665991414e-06	16.415119853257565	1.0020476792515909	1.5206175098763117e-06
608.0	46.24025513365601	45.64128985291565	1.016537027885327e-05	3.388456759617757e-06	16.456620009301286	1.0020601817098476	1.5303419139819766e-06
610.0	46.241197974878794	45.64128985291565	1.0195026174297658e-05	3.3983420580992194e-06	16.49787521442675	1.0020729886554405	1.5405170019488246e-06
612.0	46.24214343868666	45.64128985291565	1.0223175969404687e-05	3.4077253231348956e-06	16.53886577294792	1.0020855278977585	1.5502946087871578e-06
614.0	46.24309157172288	45.64128985291565	1.0251828372477115e-05	3.417276124159038e-06	16.57960841174891	1.0020982075402336	1.5602799414332602e-06
616.0	46.24404226665158	45.64128985291565	1.0279318449436288e-05	3.4264394831454293e-06	16.620092109389212	1.0021106867216176	1.5699673637910855e-06
618.0	46.24499570933852	45.64128985291565	1.0308816446423157e-05	3.436272148807719e-06	16.66034239143411	1.0021236161879632	1.5803228437241707e-06
620.0	46.24595172111609	45.64128985291565	1.0336380865765972e-05	3.4454602885886572e-06	16.70033100137721	1.002136185378925	1.5901432387449784e-06
622.0	46.24691024149725	45.64128985291565	1.0363289601371698e-05	3.4544298671238993e-06	16.740069150611788	1.002148655377351	1.5998160048024243e-06
624.0	46.247871413380985	45.64128985291565	1.0391741618180794e-05	3.463913872726931e-06	16.779575027558842	1.0021614822565816	1.610018880381314e-06
626.0	46.24883520159146	45.64128985291565	1.041981156129577e-05	3.473270520431923e-06	16.818835597518305	1.0021742673457903	1.6201597740196162e-06
628.0	46.24980148817502	45.64128985291565	1.0446604539803423e-05	3.482201513267808e-06	16.857845610900085	1.002186822550332	1.6299589312678526e-06
630.0	46.2507703138934	45.64128985291565	1.0473836505317642e-05	3.4912788351058807e-06	16.896619599689732	1.0021995056661166	1.6399483941523124e-06
632.0	46.25174167204626	45.64128985291565	1.0500994321475141e-05	3.500331440491714e-06	16.93515519789517	1.0022122094703907	1.6499688454247561e-06
634.0	46.25271555883755	45.64128985291565	1.0528109386652082e-05	3.509369795550694e-06	16.973454171659224	1.0022249404503791	1.660030038998588e-06
636.0	46.25369187474562	45.64128985291565	1.055414688924767e-05	3.5180489630825568e-06	17.011510167017374	1.0022374791405204	1.669805265241301e-06
638.0	46.254670757668926	45.64128985291565	1.0581673414921644e-05	3.527224471640548e-06	17.049344180760865	1.0022503692129068	1.680104171004476e-06
640.0	46.25565203713153	45.64128985291565	1.060735539280087e-05	3.535785130933623e-06	17.086932410114905	1.0022629024837975	1.6898720681953277e-06
642.0	46.25663584517148	45.64128985291565	1.063446299662826e-05	3.5448209988760867e-06	17.12430117999396	1.0022757750812785	1.700146131763617e-06
644.0	46.25762210070602	45.64128985291565	1.0660692423064257e-05	3.553564141021419e-06	17.161434489821445	1.0022884953068179	1.7101937676759167e-06
646.0	46.25861076138272	45.64128985291565	1.0686462379589173e-05	3.5621541265297244e-06	17.198336998053268	1.0023011515657383	1.7201466730228056e-06
648.0	46.25960178952909	45.64128985291565	1.071182348606672e-05	3.570607828688907e-06	17.23501056985612	1.0023137538729905	1.7300197655481453e-06
650.0	46.26059524783615	45.64128985291565	1.0737860558954357e-05	3.5792868529847854e-06	17.271464923216943	1.00232653645444	1.7401625835893666e-06
652.0	46.26159105420211	45.64128985291565	1.0763008567246354e-05	3.587669522415451e-06	17.30768962625517	1.002339160528615	1.7500696869130186e-06
654.0	46.2625893139353	45.64128985291565	1.0789293131147532e-05	3.596431043715844e-06	17.343701544688884	1.0023520659025902	1.760397675575897e-06
656.0	46.26358988919384	45.64128985291565	1.0814086212806776e-05	3.604695404268925e-06	17.379482148358758	1.0023646801852004	1.7702919735339853e-06
658.0	46.26459281828566	45.64128985291565	1.0839291700238104e-05	3.6130972334127013e-06	17.415047362701902	1.0023774179795855	1.7803717471672624e-06
660.0	46.26559823306869	45.64128985291565	1.08659205861735e-05	3.6219735287245e-06	17.450406315993437	1.0023905025289581	1.7909709252715503e-06
662.0	46.266605741828016	45.64128985291565	1.0888314404299516e-05	3.629438134766505e-06	17.48551740358441	1.0024026880452155	1.800227347513746e-06
664.0	46.267615697026194	45.64128985291565	1.09145157936784e-05	3.6381719312261338e-06	17.520443229097893	1.0024157461623342	1.8107894923010386e-06
666.0	46.268627904285594	45.64128985291565	1.0938614883770186e-05	3.646204961256729e-06	17.555140261004755	1.002428372504197	1.8207072392265433e-06
668.0	46.26964238349775	45.64128985291565	1.0962927345185953e-05	3.6543091150619846e-06	17.589627520873922	1.0024410784888613	1.8307453610260075e-06
670.0	46.270659209549876	45.64128985291565	1.0988047451306548e-05	3.6626824837688495e-06	17.623910945248287	1.002453997264125	1.8411033171192274e-06
672.0	46.271678227431636	45.64128985291565	1.101149085800352e-05	3.67049695266784e-06	17.657973026138894	1.0024665739521927	1.8509506016534175e-06
674.0	46.27269949135791	45.64128985291565	1.1035518543940138e-05	3.678506181313379e-06	17.691832361595758	1.0024793131662053	1.8610426035495494e-06
676.0	46.27372301758384	45.64128985291565	1.1059720279770625e-05	3.6865734265902083e-06	17.725487214804474	1.002492123636375	1.8712428391901435e-06
678.0	46.2747487949848	45.64128985291565	1.1083800200946299e-05	3.6946000669820997e-06	17.75893671400851	1.002504938845414	1.8814517669663672e-06
680.0	46.275776822617345	45.64128985291565	1.1107868322502787e-05	3.702622774167596e-06	17.79218306597423	1.002517783486434	1.8917064553201315e-06
682.0	46.27680700018553	45.64128985291565	1.1130851159250188e-05	3.7102837197500627e-06	17.825219466444917	1.0025304134968696	1.9016410068248322e-06
684.0	46.277839319135595	45.64128985291565	1.1153740037234908e-05	3.7179133457449693e-06	17.858054820816914	1.0025430527284895	1.911590959569518e-06
686.0	46.278873897782844	45.64128985291565	1.1177905693860704e-05	3.7259685646202347e-06	17.890700892996946	1.0025560144353294	1.9220263352138812e-06
688.0	46.279910603024106	45.64128985291565	1.1200631669989032e-05	3.733543889996344e-06	17.923138372256723	1.0025686781963175	1.93201650221906e-06
690.0	46.28094939349569	45.64128985291565	1.1222909228295381e-05	3.740969742765127e-06	17.955376128043557	1.002581269122508	1.9418990608551674e-06
692.0	46.28199045452556	45.64128985291565	1.1247187487685346e-05	3.7490624958951154e-06	17.987434111101177	1.0025943512471593	1.9525208690326363e-06
694.0	46.283033550891766	45.64128985291565	1.1268922921844085e-05	3.756307640614695e-06	18.019279099290237	1.0026068775025867	1.962309921135417e-06
696.0	46.28407890773854	45.64128985291565	1.1293089136264372e-05	3.7643630454214573e-06	18.05095020221495	1.0026199966796134	1.9729915124748603e-06
698.0	46.28512618151472	45.64128985291565	1.1313542376718772e-05	3.7711807922395907e-06	18.082402045062114	1.0026322841929833	1.9824255091880193e-06
700.0	46.28617574057652	45.64128985291565	1.1337973431052172e-05	3.7793244770173906e-06	18.11369435249421	1.002645527133912	1.993297319315892e-06
702.0	46.28722724896157	45.64128985291565	1.1358773631969388e-05	3.786257877323129e-06	18.144770616399942	1.002657953029881	2.0029430131242568e-06
704.0	46.28828092692947	45.64128985291565	1.1381951679979198e-05	3.7939838933263994e-06	18.175677757896437	1.0026709646609018	2.0134714692173394e-06
706.0	46.289336618707104	45.64128985291565	1.1403445499558428e-05	3.801148499852809e-06	18.206386200174848	1.002683610840896	2.0234524243746088e-06
708.0	46.290394295001654	45.64128985291565	1.1424621433470747e-05	3.808207144490249e-06	18.236907593574433	1.002696210658299	2.0333656593533118e-06
710.0	46.29145411808366	45.64128985291565	1.1447548656079295e-05	3.815849552026432e-06	18.267258887958793	1.0027092531819388	2.0439472926230953e-06
712.0	46.29251593338357	45.64128985291565	1.1468804773385786e-05	3.822934924461929e-06	18.297415373132385	1.0027219296662169	2.0539802313194133e-06
714.0	46.29357977684941	45.64128985291565	1.1490447693252526e-05	3.830149231084175e-06	18.327393910177634	1.002734726550994	2.0641966594986033e-06
716.0	46.29464560847814	45.64128985291565	1.151165705770381e-05	3.8372190192346035e-06	18.35718949779251	1.002747448817772	2.074302971073155e-06
718.0	46.29571350740149	45.64128985291565	1.1533719605252774e-05	3.8445732017509244e-06	18.386813132021622	1.002760403558857	2.0847618452419955e-06
720.0	46.29678328744661	45.64128985291565	1.155376992893866e-05	3.851256642979553e-06	18.4162443177943	1.0027729047829452	2.094539640789672e-06
722.0	46.29785510568699	45.64128985291565	1.1575515233194581e-05	3.858505077731527e-06	18.445512352674424	1.002785840666122	2.10497487182393e-06
724.0	46.29892896860373	45.64128985291565	1.1597329015450448e-05	3.865776338483483e-06	18.47460611834201	1.002798822069062	2.1154812841730562e-06
726.0	46.300004723465676	45.64128985291565	1.1617491871931532e-05	3.872497290643844e-06	18.503513804977228	1.0028114330330073	2.125431487677092e-06
728.0	46.30108231207843	45.64128985291565	1.1637024868441603e-05	3.879008289480534e-06	18.53224433485434	1.0028239180347418	2.135193987149315e-06
730.0	46.3021620194884	45.64128985291565	1.1659634678665598e-05	3.886544892888533e-06	18.560826917290147	1.0028371777718086	2.146127918065558e-06
732.0	46.303243538321404	45.64128985291565	1.1678923681242117e-05	3.892974560414039e-06	18.58921435548852	1.002849657378223	2.155887075973779e-06
734.0	46.30432702077507	45.64128985291565	1.169985481437323e-05	3.899951604791076e-06	18.617445339218033	1.0028625644779166	2.1662940270643283e-06
736.0	46.30541235914191	45.64128985291565	1.1719621433596579e-05	3.906540477865526e-06	18.645499812688325	1.002875213791709	2.1763142994305017e-06
738.0	46.306499650636376	45.64128985291565	1.1740436366608903e-05	3.913478788869634e-06	18.6733956456525	1.0028881473461857	2.1867664512097354e-06
740.0	46.30758885094568	45.64128985291565	1.1760771355203925e-05	3.920257118401308e-06	18.701122447828936	1.002900990267617	2.197084378825875e-06
742.0	46.30867985685343	45.64128985291565	1.177999043812069e-05	3.926663479373564e-06	18.728676555770605	1.0029135843016952	2.2070287995450858e-06
744.0	46.309772812524535	45.64128985291565	1.1800764721465472e-05	3.93358824048849e-06	18.756079244262775	1.0029265896509234	2.217597577183281e-06
746.0	46.31086760952505	45.64128985291565	1.1820366782450192e-05	3.940122260816731e-06	18.783311077673726	1.0029393312065693	2.2277702878313023e-06
748.0	46.31196415958273	45.64128985291565	1.1839014407236854e-05	3.946338135745618e-06	18.81037482237796	1.0029518609255377	2.2376252546571674e-06
750.0	46.3130626198446	45.64128985291565	1.1859357315173403e-05	3.953119105057801e-06	18.837291531559536	1.0029648393287933	2.2481615827847876e-06
752.0	46.31416300781844	45.64128985291565	1.187988778538459e-05	3.959962595128197e-06	18.864050951906258	1.0029778918715364	2.258813031516486e-06
754.0	46.315265085963965	45.64128985291565	1.189785234092971e-05	3.9659507803099035e-06	18.890633465538222	1.0029903268883538	2.2685326596448597e-06
756.0	46.31636902607469	45.64128985291565	1.1917670218177858e-05	3.972556739392619e-06	18.91707340045025	1.0030032528949808	2.278998227187274e-06
758.0	46.31747470587916	45.64128985291565	1.193616671295279e-05	3.97872223765093e-06	18.943347964743037	1.0030158714561395	2.2890011029060237e-06
760.0	46.318582265934616	45.64128985291565	1.1956179201178521e-05	3.985393067059507e-06	18.969479549144793	1.0030288987309652	2.2996258082171106e-06
762.0	46.31969151917218	45.64128985291565	1.197417087592316e-05	3.991390291974387e-06	18.995442660414923	1.0030414394024845	2.3095162484106807e-06
764.0	46.3208026282671	45.64128985291565	1.1993917257215583e-05	3.997972419071861e-06	19.02126668474432	1.003054450928171	2.3201229767176965e-06
766.0	46.3219154595581	45.64128985291565	1.2012219433315044e-05	4.004073144438348e-06	19.046928679665754	1.0030671200286398	2.330213671124572e-06
768.0	46.323030033782125	45.64128985291565	1.2030744119368682e-05	4.0102480397895605e-06	19.07244219144747	1.0030798704945585	2.340430558774378e-06
770.0	46.32414626622094	45.64128985291565	1.2048353033081491e-05	4.01611767769383e-06	19.09779972629505	1.0030924106118242	2.350331340332415e-06
772.0	46.325264428738144	45.64128985291565	1.2068895029121976e-05	4.022965009707325e-06	19.123031120324256	1.003105728987494	2.3614154673586387e-06
774.0	46.32638425215559	45.64128985291565	1.2086530225529795e-05	4.028843408509932e-06	19.14809368825249	1.0031183247981867	2.371406549617854e-06
776.0	46.32750570193059	45.64128985291565	1.210379131786838e-05	4.034597105956127e-06	19.1730074127713	1.003130847354222	2.381289308702072e-06
778.0	46.328628968548585	45.64128985291565	1.2123107007120725e-05	4.041035669040241e-06	19.197791427956844	1.0031439257505133	2.3920186490037116e-06
780.0	46.32975391226009	45.64128985291565	1.2140913043922817e-05	4.046971014640939e-06	19.222420121226175	1.00315663739142	2.402194324174076e-06
782.0	46.33088053725232	45.64128985291565	1.2158762966506381e-05	4.05292098883546e-06	19.246906080047626	1.0031693842132694	2.4124263994418955e-06
784.0	46.33200884652959	45.64128985291565	1.2176644002727488e-05	4.058881334242496e-06	19.271250196086296	1.003182162966046	2.4227099884831107e-06
786.0	46.33313882898423	45.64128985291565	1.2194403855719343e-05	4.0648012852397806e-06	19.29545231932414	1.0031949338101984	2.4329846041763225e-06
788.0	46.33427054004461	45.64128985291565	1.2212760553071793e-05	4.070920184357264e-06	19.31951875918512	1.0032078851052735	2.443536530978524e-06
790.0	46.33540382522705	45.64128985291565	1.2229448842342834e-05	4.076482947447611e-06	19.34343362434547	1.0032204215284837	2.453460969710988e-06
792.0	46.33653880953847	45.64128985291565	1.2247484835800695e-05	4.0824949452668985e-06	19.36722031186932	1.0032333359966514	2.463963146814751e-06
794.0	46.337675416423224	45.64128985291565	1.2264693414287798e-05	4.088231138095933e-06	19.39086360010124	1.0032460555236482	2.474172041799019e-06
796.0	46.33881370232834	45.64128985291565	1.2282509803140153e-05	4.094169934380051e-06	19.414375101375636	1.0032589592677665	2.4846642416743016e-06
798.0	46.3399536098701	45.64128985291565	1.2299705696885121e-05	4.099901898961707e-06	19.437746623460693	1.0032717217153715	2.4949446613570173e-06
800.0	46.341095106212954	45.64128985291565	1.231654602488005e-05	4.105515341626684e-06	19.460981079609702	1.0032844122733013	2.5051187952942483e-06
802.0	46.342238227747906	45.64128985291565	1.2333777744481009e-05	4.111259248160336e-06	19.48408492535417	1.0032972299170246	2.5154894731083606e-06
804.0	46.3433830110875	45.64128985291565	1.2351403205479071e-05	4.117134401826357e-06	19.50705909235579	1.0033101760590684	2.5260589967864804e-06
806.0	46.34452925139615	45.64128985291565	1.2366817376955506e-05	4.122272458985169e-06	19.52988521353254	1.003322551601942	2.5357628172412257e-06
808.0	46.34567723098003	45.64128985291565	1.238527613096973e-05	4.1284253769899095e-06	19.552603072537828	1.0033357677046078	2.5467499419963944e-06
810.0	46.34682675988687	45.64128985291565	1.2401684207940442e-05	4.133894735980147e-06	19.5751758948098	1.003348454736144	2.556934454147344e-06
812.0	46.34797776672093	45.64128985291565	1.2417320823495894e-05	4.139106941165298e-06	19.597614039929123	1.0033609548362261	2.5668372374641724e-06
814.0	46.34913039137177	45.64128985291565	1.2434465389664114e-05	4.1448217965547045e-06	19.619935215466338	1.0033738849423954	2.5773984910253375e-06
816.0	46.350284627162495	45.64128985291565	1.2451536641306469e-05	4.150512213768823e-06	19.642128617225925	1.0033868179664354	2.587967532672997e-06
818.0	46.351440371535666	45.64128985291565	1.2467500280402685e-05	4.155833426800895e-06	19.66418751571579	1.0033994717431232	2.598114056215048e-06
820.0	46.35259762151628	45.64128985291565	1.248343062630708e-05	4.16114354210236e-06	19.68612068635391	1.003412137704524	2.6082823268857294e-06
822.0	46.353756515090836	45.64128985291565	1.2500848215862074e-05	4.166949405287358e-06	19.707940169675012	1.0034252324111461	2.6191078953713054e-06
824.0	46.354916865805905	45.64128985291565	1.2516253291040032e-05	4.172084430346677e-06	19.729621089901183	1.0034377975706057	2.629128835483953e-06
826.0	46.35607866257705	45.64128985291565	1.2531537641479843e-05	4.177179213826615e-06	19.751178207959693	1.0034503500306209	2.6391335333821608e-06
828.0	46.357242024593226	45.64128985291565	1.2548106416063311e-05	4.18270213868777e-06	19.772622676877727	1.0034632773708334	2.6497136472590513e-06
830.0	46.35840688611797	45.64128985291565	1.2563964915389065e-05	4.187988305129688e-06	19.793940691559314	1.0034760302932577	2.6600308209372703e-06
832.0	46.35957329807862	45.64128985291565	1.2580371490320483e-05	4.193457163440161e-06	19.8151423008559	1.0034889563599823	2.670615715371537e-06
834.0	46.36074110286248	45.64128985291565	1.2595076925597637e-05	4.198358975199212e-06	19.83621186166266	1.0035014313853161	2.680514982621151e-06
836.0	46.361910540720146	45.64128985291565	1.2612372341875738e-05	4.204124113958579e-06	19.85718159655249	1.0035146477592694	2.6915501093600457e-06
838.0	46.3630813913022	45.64128985291565	1.2627290036161144e-05	4.209096678720381e-06	19.878015979261786	1.0035272230167678	2.7016090068805906e-06
840.0	46.36425370761968	45.64128985291565	1.2642778287156732e-05	4.214259429052244e-06	19.898737372240458	1.003539977920404	2.7119457115351378e-06
842.0	46.365427484952214	45.64128985291565	1.2658214450449655e-05	4.219404816816552e-06	19.919342028777677	1.0035527388557595	2.7222949477292087e-06
844.0	46.366602714867255	45.64128985291565	1.2673558498118193e-05	4.2245194993727306e-06	19.9398304447982	1.0035654944574706	2.732639347476063e-06
846.0	46.36777942798131	45.64128985291565	1.2689231528262947e-05	4.229743842754316e-06	19.960206478303437	1.00357836329097	2.7431602733341376e-06
848.0	46.368957470740334	45.64128985291565	1.2703247530455807e-05	4.234415843485269e-06	19.98045645794908	1.0035907846352754	2.752999976719478e-06
850.0	46.370136986691	45.64128985291565	1.2718810331371595e-05	4.2396034437905315e-06	20.00060447109351	1.003603662927222	2.7635420249809085e-06
852.0	46.37131806817649	45.64128985291565	1.273536765515821e-05	4.245122551719403e-06	20.02064724864652	1.003616844414065	2.7745515856092324e-06
854.0	46.372500426490646	45.64128985291565	1.2748810724068022e-05	4.24960357468934e-06	20.040555727553016	1.0036291614527848	2.7842413496774827e-06
856.0	46.373684265709294	45.64128985291565	1.2764453153914283e-05	4.2548177179714275e-06	20.060369239409074	1.0036421239665836	2.794922555873972e-06
858.0	46.37486952959273	45.64128985291565	1.2779488002767706e-05	4.259829334255902e-06	20.080068170323827	1.0036549335687917	2.805373065875354e-06
860.0	46.37605615343538	45.64128985291565	1.2793824054771924e-05	4.264608018257308e-06	20.099652610746634	1.0036675628957012	2.8155508081203473e-06
862.0	46.377244144576515	45.64128985291565	1.280823812622743e-05	4.269412708742476e-06	20.119128937594397	1.003680233754936	2.8257954703959366e-06
864.0	46.378433600244904	45.64128985291565	1.282369931986957e-05	4.2745664399565234e-06	20.138504883669782	1.0036932254041224	2.836535056758909e-06
866.0	46.379624392775995	45.64128985291565	1.2837782980713805e-05	4.279260993571268e-06	20.15776366187724	1.0037058400204326	2.8467002387531766e-06
868.0	46.38081656195861	45.64128985291565	1.2852294495960695e-05	4.284098165320232e-06	20.17691904275112	1.003718597207498	2.8570872882500253e-06
870.0	46.38201010390553	45.64128985291565	1.2866762978653224e-05	4.288920992884408e-06	20.195968344122093	1.0037313612638095	2.86748825129088e-06
872.0	46.38320499432216	45.64128985291565	1.2880968439679053e-05	4.293656146559685e-06	20.214910690562103	1.0037440681598	2.8778049325544706e-06
874.0	46.38440122435782	45.64128985291565	1.2895077386378141e-05	4.298359128792714e-06	20.23374800386877	1.0037567658785649	2.888110889826039e-06
876.0	46.38559892540157	45.64128985291565	1.2910601539838838e-05	4.303533846612946e-06	20.25249184775688	1.003769895649633	2.899083152643019e-06
878.0	46.38679788633284	45.64128985291565	1.2923848770440135e-05	4.307949590146712e-06	20.27111638569635	1.0037823797401488	2.9090680840920078e-06
880.0	46.387998157390264	45.64128985291565	1.293763648400553e-05	4.3125454946685105e-06	20.289642564528837	1.0037950400353084	2.9193267307926423e-06
882.0	46.38919979081321	45.64128985291565	1.2951986189049298e-05	4.3173287296830995e-06	20.308071216827145	1.0038078839395805	2.9298706135244863e-06
884.0	46.390402726619456	45.64128985291565	1.2965688260114993e-05	4.321896086704998e-06	20.326394356408397	1.0038205561406472	2.940154277754101e-06
886.0	46.39160698940204	45.64128985291565	1.2979654322933027e-05	4.326551440977675e-06	20.34461918608356	1.0038333245767062	2.9505891037645554e-06
888.0	46.39281257811265	45.64128985291565	1.299360799120194e-05	4.3312026637339805e-06	20.362744405901502	1.0038461079653958	2.9610503134922184e-06
890.0	46.39401953030608	45.64128985291565	1.3007965311467761e-05	4.33598843715592e-06	20.38077365348763	1.0038590297090688	2.971727547559921e-06
892.0	46.39522771902211	45.64128985291565	1.3020953220474498e-05	4.340317740158166e-06	20.39869493140891	1.003871563424221	2.9818119261614375e-06
894.0	46.396437246741606	45.64128985291565	1.3035044539720917e-05	4.345014846573639e-06	20.416526555236498	1.0038844432728369	2.9924316570400074e-06
896.0	46.397648002461544	45.64128985291565	1.3047938503334021e-05	4.3493128344446734e-06	20.434252773046328	1.0038969842996623	3.0025339346375004e-06
898.0	46.39886013547737	45.64128985291565	1.3062440317688721e-05	4.354146772562907e-06	20.45189419490524	1.0039100238017615	3.013406060058461e-06
900.0	46.40007351533454	45.64128985291565	1.3075535192316679e-05	4.358511730772226e-06	20.469430031340277	1.003922660557695	3.023662293312127e-06
902.0	46.40128812756884	45.64128985291565	1.3088473166948093e-05	4.362824388982698e-06	20.48686981568501	1.0039352675988624	3.0338761568298574e-06
904.0	46.402504002969245	45.64128985291565	1.3101741885505955e-05	4.3672472951686515e-06	20.504217635790567	1.0039479915548324	3.044273246335526e-06
906.0	46.40372127292365	45.64128985291565	1.3116425293821639e-05	4.372141764607213e-06	20.521481798611507	1.0039611604387342	3.055358521841661e-06
908.0	46.404939679724514	45.64128985291565	1.3128330739903655e-05	4.376110246634552e-06	20.538633228313113	1.0039735081039443	3.0651832819875584e-06
910.0	46.406159389623326	45.64128985291565	1.3142026551813449e-05	4.38067551727115e-06	20.55570489410223	1.0039864147207167	3.0758718265445818e-06
912.0	46.40738026853892	45.64128985291565	1.3154276626792963e-05	4.3847588755976545e-06	20.572674522956653	1.003998900094545	3.0859151828407134e-06
914.0	46.40860243190589	45.64128985291565	1.3167769435552219e-05	4.389256478517406e-06	20.58956172047923	1.0040117804213649	3.096570120616044e-06
916.0	46.4098257396472	45.64128985291565	1.3179751998572601e-05	4.393250666190867e-06	20.60634766982415	1.0040242176102308	3.1065458876557597e-06
918.0	46.4110504764749	45.64128985291565	1.3194800973529188e-05	4.3982669911763956e-06	20.62306521933281	1.0040376090979	3.1179953285301677e-06
920.0	46.41227631019115	45.64128985291565	1.3206269882603836e-05	4.402089960867945e-06	20.639668158894434	1.0040499227639985	3.127787434043236e-06
922.0	46.413503398730874	45.64128985291565	1.3219439308689746e-05	4.406479769563249e-06	20.65619425428159	1.0040627743475372	3.1384118999593723e-06
924.0	46.41473165673651	45.64128985291565	1.3231688147740474e-05	4.410562715913491e-06	20.672625662861332	1.004075359949504	3.148629759804224e-06
926.0	46.4159611535528	45.64128985291565	1.3244683017734489e-05	4.4148943392448296e-06	20.688974667798554	1.0040881921581406	3.1592312211025658e-06
928.0	46.417191848355735	45.64128985291565	1.3257237083418725e-05	4.4190790278062415e-06	20.705233528384085	1.0041009053378043	3.16965256146427e-06
930.0	46.41842372539213	45.64128985291565	1.3269620450335297e-05	4.423206816778432e-06	20.721404719008632	1.004113582339604	3.180021483347305e-06
932.0	46.419656827934574	45.64128985291565	1.3282468936665772e-05	4.427489645555257e-06	20.737493248605507	1.0041264203496576	3.190642208359782e-06
934.0	46.42089110323086	45.64128985291565	1.3294748180268326e-05	4.4315827267561085e-06	20.753492453110475	1.0041390982667902	3.201019333221229e-06
936.0	46.42212658624804	45.64128985291565	1.330740306595521e-05	4.43580102198507e-06	20.769409503369946	1.004151909756578	3.2116060087750776e-06
938.0	46.42336324362576	45.64128985291565	1.3319697616820392e-05	4.4398992056067975e-06	20.78523982269616	1.004164625454859	3.2220482417818286e-06
940.0	46.42460095353883	45.64128985291565	1.33306790653541e-05	4.4435596884513665e-06	20.800977325138707	1.0041769461071444	3.2318838653475323e-06
942.0	46.42584000856543	45.64128985291565	1.334481073775909e-05	4.448270245919697e-06	20.816653644815325	1.0041902705716563	3.243272969879009e-06
944.0	46.42708011317699	45.64128985291565	1.3355758466971471e-05	4.451919488990491e-06	20.832225245122775	1.004202611997607	3.253147264523086e-06
946.0	46.42832136986486	45.64128985291565	1.3367809098090976e-05	4.4559363660303254e-06	20.847722486143184	1.0042153158022646	3.263584627979201e-06
948.0	46.429563903498746	45.64128985291565	1.3381203511393097e-05	4.460401170464366e-06	20.863147561591735	1.0042284603096001	3.2747064244772613e-06
950.0	46.43080741876764	45.64128985291565	1.3391416635757354e-05	4.463805545252451e-06	20.878469625175242	1.00424061526799	3.2843023531430728e-06
952.0	46.43205216887693	45.64128985291565	1.3404355625994877e-05	4.4681185419982926e-06	20.893730146670762	1.0042536488519824	3.295259621486802e-06
954.0	46.433298053495506	45.64128985291565	1.3416213158586832e-05	4.472071052862277e-06	20.90890328132969	1.0042663557844307	3.3057153953461807e-06
956.0	46.43454505373831	45.64128985291565	1.3427866370479808e-05	4.475955456826603e-06	20.92399563189593	1.0042790134167263	3.3160982988966994e-06
958.0	46.435793261423775	45.64128985291565	1.3440507320781469e-05	4.480169106927157e-06	20.939015935478107	1.0042920020044361	3.3269964866583363e-06
960.0	46.43704239250151	45.64128985291565	1.3450088713921586e-05	4.483362904640529e-06	20.9539368011043	1.004304028388455	3.3364095879497413e-06
962.0	46.4382928448026	45.64128985291565	1.346395287749885e-05	4.487984292499617e-06	20.968809344828042	1.0043174408893847	3.3479704876465214e-06
964.0	46.43954433816203	45.64128985291565	1.3474799381791506e-05	4.491599793930502e-06	20.983583779517243	1.004329902201349	3.358063038001899e-06
966.0	46.44079691139324	45.64128985291565	1.3486062891700675e-05	4.495354297233558e-06	20.998284269552013	1.0043425122511276	3.3683890628354093e-06
968.0	46.442050619590496	45.64128985291565	1.3497918647325471e-05	4.499306215775157e-06	21.012912502801615	1.0043553284168703	3.3790375141315363e-06
970.0	46.44330542799553	45.64128985291565	1.3509399222213116e-05	4.503133074071039e-06	21.027462327046592	1.004368039081849	3.38952601902903e-06
972.0	46.444561286072684	45.64128985291565	1.3520334799362703e-05	4.5067782664542345e-06	21.041933084251298	1.0043805884749935	3.399768101583411e-06
974.0	46.445818286195326	45.64128985291565	1.3532263927521677e-05	4.510754642507226e-06	21.05633579822309	1.004393475021802	3.4105357378800085e-06
976.0	46.44707641027557	45.64128985291565	1.3543997357224598e-05	4.5146657857415325e-06	21.070662802624344	1.0044063138068837	3.421232840058351e-06
978.0	46.448335562848655	45.64128985291565	1.3554702151344677e-05	4.518234050448226e-06	21.08490889752369	1.0044188329013384	3.4314379326539254e-06
980.0	46.449595824089904	45.64128985291565	1.35662691243704e-05	4.522089708123467e-06	21.099087475751503	1.004431647913961	3.442104942756952e-06
982.0	46.450857086532515	45.64128985291565	1.357667833524004e-05	4.525559445080013e-06	21.11318522987039	1.0044440993750685	3.4522117550565387e-06
984.0	46.45211948765137	45.64128985291565	1.358856647689057e-05	4.529522158963523e-06	21.12722059951059	1.00445704980442	3.463095441334759e-06
986.0	46.45338293592555	45.64128985291565	1.359946852926812e-05	4.533156176422707e-06	21.141177261578964	1.0044696919899527	3.473504571483582e-06
988.0	46.45464750878482	45.64128985291565	1.3611203095879255e-05	4.537067698626419e-06	21.155068046199315	1.004482622886243	3.4843648472597656e-06
990.0	46.45591300671743	45.64128985291565	1.3620789312576435e-05	4.540263104192145e-06	21.16887318204575	1.0044948604731503	3.494152952912265e-06
992.0	46.45717956437396	45.64128985291565	1.3631823965499677e-05	4.5439413218332256e-06	21.182617536800628	1.0045075897912585	3.5047071438458283e-06
994.0	46.458447237172905	45.64128985291565	1.3643454153186694e-05	4.547818051062232e-06	21.19629576158665	1.0045205311427559	3.5155937509150927e-06
996.0	46.459716075380754	45.64128985291565	1.365562436225979e-05	4.55187478741993e-06	21.20990791675758	1.0045336672882703	3.526786245486572e-06
998.0	46.460985801787935	45.64128985291565	1.366481023173112e-05	4.554936743910373e-06	21.223430635851308	1.0045458268704226	3.536466049855161e-06
1000.0	46.46225644715474	45.64128985291565	1.3674326371696004e-05	4.558108790565335e-06	21.236886784962074	1.0045581087905653	3.546338902952076e-06
