    1   64    1
 12.011
    1    1  1.0000  0.0000  0.0000
-53.116501   0.000000   0.000000
  0.193413   0.000000   0.000000
  0.099606   0.000000   0.000000
  0.151804   0.000000   0.000000
  0.099606   0.000000   0.000000
  0.151804   0.000000   0.000000
 -0.595920   0.000000   0.000000
  0.059867   0.000000   0.000000
 -0.167872  -0.098117   0.047669
  0.102043  -0.135369  -0.247531
 10.985846  -3.846763  -3.846763
 -0.068368  -0.098068  -0.098068
  0.361023  -0.247463  -0.247463
 -0.034157  -0.030185  -0.030185
 -0.167872   0.047669  -0.098117
  0.102043  -0.247531  -0.135369
 -1.520755   0.829468  -0.829468
 -0.074520   0.045276  -0.045276
 -1.520529   0.829360   0.829360
 -0.074298   0.045192   0.045192
 -1.520529  -0.829360  -0.829360
 -0.074298  -0.045192  -0.045192
 -1.520755  -0.829468   0.829468
 -0.074520  -0.045276   0.045276
 10.985846   3.846763   3.846763
 -0.068368   0.098068   0.098068
 -0.167872   0.098117  -0.047669
  0.102043   0.135369   0.247531
 -0.167872  -0.047669   0.098117
  0.102043   0.247531   0.135369
  0.361023   0.247463   0.247463
 -0.034157   0.030185   0.030185
  1.769348  -0.829323   1.850151
  1.769262  -0.829384  -1.849950
  0.091790  -0.045394  -0.071033
  0.091869  -0.045223   0.071078
  1.769348   0.829323  -1.850151
  1.769262   0.829384   1.849950
  0.091790   0.045394   0.071033
  0.091869   0.045223  -0.071078
 -0.167711   0.098275   0.047621
  0.101870   0.135159  -0.247537
 10.984986   3.846710  -3.846710
 -0.069257   0.098082  -0.098082
  0.361247   0.247352  -0.247352
 -0.034253   0.030416  -0.030416
 -0.167711  -0.047621  -0.098275
  0.101870   0.247537  -0.135159
  1.769348  -1.850151   0.829323
  1.769262   1.849950   0.829384
  1.769348   1.850151  -0.829323
  1.769262  -1.849950  -0.829384
  0.091790   0.071033   0.045394
  0.091869  -0.071078   0.045223
  0.091790  -0.071033  -0.045394
  0.091869   0.071078  -0.045223
 10.984986  -3.846710   3.846710
 -0.069257  -0.098082   0.098082
 -0.167711  -0.098275  -0.047621
  0.101870  -0.135159   0.247537
 -0.167711   0.047621   0.098275
  0.101870  -0.247537   0.135159
  0.361247  -0.247352   0.247352
 -0.034253  -0.030416   0.030416
