    1   64    2
 12.011
    1    1  1.0000  0.0000  0.0000
-44.689969  -0.000000   0.000000
  0.165091  -0.000000   0.000000
  0.094393  -0.000000   0.000000
  0.123077  -0.000000   0.000000
  0.098987  -0.000000   0.000000
  0.118054  -0.000000   0.000000
 -0.576610  -0.000000   0.000000
  0.052990  -0.000000   0.000000
 -0.159271  -0.092088   0.025622
  0.094292  -0.119044  -0.218719
  9.260874  -2.181433  -2.222571
 -0.061656  -0.092066  -0.090862
  0.349070  -0.216663  -0.219429
 -0.033666  -0.029791  -0.031511
 -0.160567   0.033603  -0.100409
  0.082360  -0.216733  -0.103036
 -1.404159   0.733077  -0.718909
 -0.061020   0.038025  -0.038718
 -1.404106   0.732994   0.718796
 -0.060827   0.038167   0.038651
 -1.404106  -0.732994  -0.718796
 -0.060827  -0.038167  -0.038651
 -1.404159  -0.733077   0.718909
 -0.061020  -0.038025   0.038718
  9.260874   2.181433   2.222571
 -0.061656   0.092066   0.090862
 -0.159271   0.092088  -0.025622
  0.094292   0.119044   0.218719
 -0.160567  -0.033603   0.100409
  0.082360   0.216733   0.103036
  0.349070   0.216663   0.219429
 -0.033666   0.029791   0.031511
  1.519145  -0.733080   1.581103
  1.519181  -0.733008  -1.581196
  0.084299  -0.038051  -0.075211
  0.084088  -0.038068   0.075296
  1.519145   0.733080  -1.581103
  1.519181   0.733008   1.581196
  0.084299   0.038051   0.075211
  0.084088   0.038068  -0.075296
 -0.159303   0.092237   0.025522
  0.094418   0.119047  -0.218719
  9.260508   2.181519  -2.222556
 -0.062245   0.092274  -0.090894
  0.349359   0.216759  -0.219418
 -0.033907   0.030068  -0.031630
 -0.160579  -0.033417  -0.100242
  0.082048   0.216835  -0.102839
  1.561512  -1.638394   0.726236
  1.561184   1.638366   0.726106
  1.561512   1.638394  -0.726236
  1.561184  -1.638366  -0.726106
  0.082869   0.072694   0.039370
  0.083094  -0.072808   0.039295
  0.082869  -0.072694  -0.039370
  0.083094   0.072808  -0.039295
  9.260508  -2.181519   2.222556
 -0.062245  -0.092274   0.090894
 -0.159303  -0.092237  -0.025522
  0.094418  -0.119047   0.218719
 -0.160579   0.033417   0.100242
  0.082048  -0.216835   0.102839
  0.349359  -0.216759   0.219418
 -0.033907  -0.030068   0.031630
    1    2  0.0000  0.0000  1.0000
 -0.000000  -0.000000 -44.336424
 -0.000000  -0.000000   0.088680
 -0.000000  -0.000000   0.088680
 -0.000000  -0.000000  -0.566529
 -0.000000  -0.000000   0.169473
 -0.000000  -0.000000   0.116251
 -0.000000  -0.000000   0.116251
 -0.000000  -0.000000   0.051723
  0.025462   0.090773  -0.153468
 -0.218606   0.218606   0.340666
 -2.222393   2.222393   9.187385
 -0.090773  -0.025462  -0.153468
 -0.219457   0.102850   0.078662
 -0.031512   0.031512  -0.033536
 -0.100159   0.100159  -0.074936
 -0.102850   0.219457   0.078662
  0.718760  -1.581014   1.535522
  0.038715   0.075218   0.084833
 -0.718760   1.581014   1.535522
 -0.038715  -0.075218   0.084833
  0.718907   1.581323   1.535586
  0.038702  -0.075371   0.084741
 -0.718907  -1.581323   1.535586
 -0.038702   0.075371   0.084741
  2.222639   2.222639   9.187142
  0.090920  -0.025293  -0.153153
 -0.025293   0.090920  -0.153153
  0.218678   0.218678   0.340537
  0.100356   0.100356  -0.074796
  0.103116   0.219452   0.078897
  0.219452   0.103116   0.078897
  0.031596   0.031596  -0.033281
  1.581014  -0.718760   1.535522
 -1.581014   0.718760   1.535522
 -0.075218  -0.038715   0.084833
  0.075218   0.038715   0.084833
 -1.581323  -0.718907   1.535586
  1.581323   0.718907   1.535586
  0.075371  -0.038702   0.084741
 -0.075371   0.038702   0.084741
  0.025293  -0.090920  -0.153153
 -0.218678  -0.218678   0.340537
 -2.222639  -2.222639   9.187142
 -0.090920   0.025293  -0.153153
 -0.219452  -0.103116   0.078897
 -0.031596  -0.031596  -0.033281
 -0.100356  -0.100356  -0.074796
 -0.103116  -0.219452   0.078897
 -0.725979   0.725979  -1.388102
 -0.726079  -0.726079  -1.388024
  0.726079   0.726079  -1.388024
  0.725979  -0.725979  -1.388102
 -0.039346   0.039346  -0.055216
 -0.039413  -0.039413  -0.055131
  0.039413   0.039413  -0.055131
  0.039346  -0.039346  -0.055216
  2.222393  -2.222393   9.187385
  0.090773   0.025462  -0.153468
 -0.025462  -0.090773  -0.153468
  0.218606  -0.218606   0.340666
  0.100159  -0.100159  -0.074936
  0.102850  -0.219457   0.078662
  0.219457  -0.102850   0.078662
  0.031512  -0.031512  -0.033536
