temperature	helm_energy	Cv
0.0	-8.918476791625	0.0
2.0	-8.918476791625	0.0
4.0	-8.918476791625	6.3875e-06
6.0	-8.91847679175	3.655e-05
8.0	-8.918476792125	9.4425e-05
10.0	-8.918476792875	0.000187325
12.0	-8.918476794375	0.0003249125
14.0	-8.918476797125	0.0005168125
16.0	-8.91847680125	0.00077255
18.0	-8.91847680725	0.0011016375
20.0	-8.918476815750001	0.0015137
22.0	-8.918476827375	0.0020184875
24.0	-8.9184768425	0.0026259375
26.0	-8.918476862125	0.003346175
28.0	-8.918476886875	0.0041895875
30.0	-8.918476917625	0.0051667875
32.0	-8.918476955375	0.00628875
34.0	-8.918477000875	0.007566725
36.0	-8.918477055250001	0.0090124125
38.0	-8.918477119750001	0.0106379375
40.0	-8.918477195375	0.012456
42.0	-8.9184772835	0.01447985
44.0	-8.918477385375	0.0167235125
46.0	-8.9184775025	0.0192017625
48.0	-8.91847763625	0.021930325
50.0	-8.918477788375	0.0249259
52.0	-8.918477960375	0.0282063375
54.0	-8.918478154125001	0.0317906375
56.0	-8.918478371500001	0.035699025
58.0	-8.91847861425	0.039953
60.0	-8.918478884625001	0.04457535
62.0	-8.91847918475	0.0495900625
64.0	-8.918479516875001	0.0550223125
66.0	-8.918479883375001	0.0608983875
68.0	-8.918480286875	0.0672455125
70.0	-8.918480729875	0.0740917625
72.0	-8.918481215125	0.0814659
74.0	-8.91848174575	0.0893972
76.0	-8.91848232475	0.097915225
78.0	-8.918482955250001	0.1070497125
80.0	-8.918483640625	0.11683035
82.0	-8.918484384500001	0.127286575
84.0	-8.918485190375	0.13844745
86.0	-8.918486062375	0.1503414625
88.0	-8.918487004125	0.16299635
90.0	-8.91848802	0.176439025
92.0	-8.918489114375001	0.1906954
94.0	-8.91849029175	0.205790275
96.0	-8.918491556625	0.2217473
98.0	-8.918492913875001	0.2385888625
100.0	-8.918494368500001	0.256336025
102.0	-8.918495925750001	0.2750085125
104.0	-8.91849759075	0.2946246375
106.0	-8.91849936925	0.3152013625
108.0	-8.918501266625	0.3367541875
110.0	-8.918503288625	0.359297275
112.0	-8.9185054415	0.382843375
114.0	-8.918507731	0.4074039
116.0	-8.918510163375	0.4329889375
118.0	-8.91851274525	0.4596072875
120.0	-8.918515482750001	0.4872665125
122.0	-8.918518382875	0.515973
124.0	-8.918521452	0.5457319375
126.0	-8.91852469725	0.5765474375
128.0	-8.918528125625	0.6084225625
130.0	-8.918531744000001	0.6413593375
132.0	-8.918535559875	0.675358875
134.0	-8.91853958025	0.710421325
136.0	-8.918543812875	0.746546
138.0	-8.918548265	0.783731375
140.0	-8.918552944250001	0.82197515
142.0	-8.918557858375001	0.861274275
144.0	-8.918563015125	0.901624975
146.0	-8.918568422375	0.94302285
148.0	-8.918574088	0.985462825
150.0	-8.918580019875	1.0289392125
152.0	-8.91858622625	1.073445775
154.0	-8.918592715	1.1189757
156.0	-8.9185994945	1.1655216375
158.0	-8.91860657275	1.2130757625
160.0	-8.91861395825	1.2616297625
162.0	-8.918621659000001	1.311174825
164.0	-8.918629683625001	1.3617017375
166.0	-8.918638040375	1.4132008375
168.0	-8.918646737625	1.4656620625
170.0	-8.918655783875	1.5190749375
172.0	-8.9186651875	1.573428625
174.0	-8.918674957	1.628711925
176.0	-8.918685101000001	1.684913275
178.0	-8.918695627875	1.742020775
180.0	-8.91870654625	1.8000222
182.0	-8.91871786475	1.8589050375
184.0	-8.918729591625	1.918656425
186.0	-8.918741735625	1.9792632625
188.0	-8.918754305375	2.0407121375
190.0	-8.91876730925	2.1029894
192.0	-8.918780755875	2.166081125
194.0	-8.91879465375	2.229973175
196.0	-8.918809011375	2.2946511625
198.0	-8.918823837375001	2.3601005
200.0	-8.918839140125	2.4263063875
202.0	-8.918854928125	2.4932538375
204.0	-8.918871209875	2.5609277
206.0	-8.918887993625	2.6293126375
208.0	-8.918905288125	2.6983931625
210.0	-8.918923101375	2.7681536625
212.0	-8.918941442	2.8385784
214.0	-8.918960318125	2.9096514875
216.0	-8.918979738125	2.9813569625
218.0	-8.91899971025	3.0536787875
220.0	-8.919020242750001	3.1266008125
222.0	-8.919041343625	3.2001068375
224.0	-8.919063021125	3.2741806125
226.0	-8.91908528325	3.34880585
228.0	-8.919108138125	3.4239662125
230.0	-8.919131593625	3.4996453625
232.0	-8.919155657875	3.57582695
234.0	-8.919180338625	3.65249465
236.0	-8.919205643625	3.729632125
238.0	-8.919231580875	3.807223075
240.0	-8.919258157875001	3.88525125
242.0	-8.9192853825	3.9637004375
244.0	-8.91931326225	4.0425545
246.0	-8.919341804625	4.1217973375
248.0	-8.919371017375001	4.2014129625
250.0	-8.919400907625	4.2813854625
252.0	-8.919431483	4.3616990125
254.0	-8.919462750625	4.4423379125
256.0	-8.919494717875	4.5232865625
258.0	-8.919527391875	4.6045294875
260.0	-8.919560779625	4.6860513375
262.0	-8.9195948885	4.767836925
264.0	-8.919629725125	4.849871175
266.0	-8.919665296625	4.932139175
268.0	-8.919701609875	5.014626175
270.0	-8.919738671500001	5.0973175875
272.0	-8.919776488250001	5.1801989875
274.0	-8.919815066875	5.263256125
276.0	-8.91985441375	5.3464749375
278.0	-8.919894535500001	5.4298415375
280.0	-8.9199354385	5.513342225
282.0	-8.91997712925	5.5969635125
284.0	-8.92001961375	5.680692075
286.0	-8.920062898375	5.7645148
288.0	-8.92010698925	5.8484188
290.0	-8.920151892375001	5.9323913625
292.0	-8.92019761375	6.01642
294.0	-8.92024415925	6.1004924125
296.0	-8.92029153475	6.1845965375
298.0	-8.920339746	6.268720525
300.0	-8.92038879875	6.3528527125
302.0	-8.9204386985	6.4369817
304.0	-8.920489450875001	6.5210962375
306.0	-8.92054106125	6.605185375
308.0	-8.920593535	6.6892383
310.0	-8.920646877500001	6.7732444875
312.0	-8.920701094	6.857193575
314.0	-8.9207561895	6.9410754625
316.0	-8.920812169375	7.0248802375
318.0	-8.920869038375	7.1085982125
320.0	-8.9209268015	7.1922199375
322.0	-8.92098546375	7.2757361625
324.0	-8.921045029750001	7.3591378375
326.0	-8.92110550425	7.44241615
328.0	-8.921166892	7.5255625
330.0	-8.921229197375	7.608568475
332.0	-8.921292425125001	7.6914259125
334.0	-8.921356579500001	7.7741268125
336.0	-8.921421664875	7.856663425
338.0	-8.9214876855	7.9390281625
340.0	-8.92155464575	8.0212136875
342.0	-8.921622549750001	8.1032128125
344.0	-8.921691401375	8.1850185875
346.0	-8.92176120475	8.2666242375
348.0	-8.92183196375	8.3480232
350.0	-8.921903682375	8.4292091
352.0	-8.92197636425	8.510175725
354.0	-8.92205001325	8.590917075
356.0	-8.922124632875	8.67142735
358.0	-8.922200227000001	8.7517008875
360.0	-8.92227679875	8.83173225
362.0	-8.922354351875	8.9115161375
364.0	-8.92243288975	8.99104745
366.0	-8.922512415625	9.0703212625
368.0	-8.92259293275	9.1493327875
370.0	-8.922674444375	9.2280774375
372.0	-8.922756953625	9.3065507625
374.0	-8.922840463625	9.3847485
376.0	-8.92292497725	9.4626665125
378.0	-8.923010497625	9.54030085
380.0	-8.9230970275	9.6176477
382.0	-8.923184569750001	9.694703375
384.0	-8.92327312725	9.7714643875
386.0	-8.9233627025	9.84792735
388.0	-8.923453298250001	9.924089025
390.0	-8.923544917125	9.999946325
392.0	-8.923637561625	10.0754963
394.0	-8.92373123425	10.1507361125
396.0	-8.923825937375	10.225663075
398.0	-8.923921673375	10.3002746
400.0	-8.924018444625	10.374568275
402.0	-8.92411625325	10.4485417625
404.0	-8.924215101625	10.52219285
406.0	-8.92431499175	10.595519475
408.0	-8.92441592575	10.66851965
410.0	-8.924517905625	10.741191525
412.0	-8.9246209335	10.8135333375
414.0	-8.92472501125	10.8855434625
416.0	-8.924830140625	10.95722035
418.0	-8.92493632375	11.0285625625
420.0	-8.925043562125001	11.0995687625
422.0	-8.9251518575	11.170237725
424.0	-8.925261211875	11.240568275
426.0	-8.9253716265	11.310559375
428.0	-8.92548310325	11.3802100625
430.0	-8.925595643500001	11.44951945
432.0	-8.925709248875	11.5184867625
434.0	-8.92582392075	11.587111275
436.0	-8.925939660500001	11.6553923625
438.0	-8.926056469625001	11.7233295
440.0	-8.926174349375	11.7909221875
442.0	-8.926293301000001	11.85817005
444.0	-8.92641332575	11.92507275
446.0	-8.926534424875001	11.99163005
448.0	-8.926656599375	12.05784175
450.0	-8.926779850625	12.12370775
452.0	-8.926904179375	12.1892279875
454.0	-8.927029586875001	12.2544024875
456.0	-8.927156074125	12.3192313
458.0	-8.927283641875	12.3837145875
460.0	-8.92741229125	12.447852525
462.0	-8.927542023	12.5116453625
464.0	-8.927672838000001	12.5750934
466.0	-8.927804737125001	12.638197
468.0	-8.927937721125	12.7009565625
470.0	-8.9280717905	12.7633725375
472.0	-8.92820694625	12.82544545
474.0	-8.928343188875001	12.8871758375
476.0	-8.928480519	12.9485642875
478.0	-8.928618937125	13.0096114625
480.0	-8.928758444125	13.070318025
482.0	-8.928899040125	13.1306847
484.0	-8.929040726	13.1907122625
486.0	-8.929183501875	13.2504015125
488.0	-8.929327368375	13.309753275
490.0	-8.92947232575	13.3687684375
492.0	-8.9296183745	13.4274479
494.0	-8.929765515	13.4857926
496.0	-8.929913747375	13.5438035125
498.0	-8.930063072000001	13.6014816625
500.0	-8.930213489125	13.65882805
502.0	-8.930364998875	13.7158437625
504.0	-8.930517601625	13.7725298875
506.0	-8.930671297375	13.828887525
508.0	-8.930826086375001	13.8849178375
510.0	-8.930981968625	13.940621975
512.0	-8.93113894425	13.9960011375
514.0	-8.931297013375	14.0510565375
516.0	-8.931456175875	14.1057894125
518.0	-8.931616431875	14.160201
520.0	-8.931777781375	14.2142925875
522.0	-8.93194022425	14.2680654625
524.0	-8.932103760375	14.32152095
526.0	-8.932268389875	14.3746603625
528.0	-8.932434112375	14.42748505
530.0	-8.932600928000001	14.479996375
532.0	-8.932768836375	14.532195725
534.0	-8.932937837375	14.5840844625
536.0	-8.933107930875	14.6356640125
538.0	-8.9332791165	14.6869357875
540.0	-8.93345139425	14.7379012125
542.0	-8.933624763500001	14.7885617375
544.0	-8.93379922425	14.8389187875
546.0	-8.933974776125	14.88897385
548.0	-8.93415141875	14.9387283875
550.0	-8.934329151750001	14.9881838625
552.0	-8.934507974875	15.0373417875
554.0	-8.934687887625	15.0862036375
556.0	-8.9348688895	15.134770925
558.0	-8.935050980375001	15.18304515
560.0	-8.935234159625	15.23102785
562.0	-8.935418426750001	15.278720525
564.0	-8.935603781375	15.3261247
566.0	-8.935790222875001	15.3732419125
568.0	-8.935977750875	15.4200737125
570.0	-8.936166364750001	15.4666216125
572.0	-8.936356064125	15.5128871625
574.0	-8.936546848125001	15.558871925
576.0	-8.9367387165	15.604577425
578.0	-8.9369316685	15.650005225
580.0	-8.9371257035	15.695156875
582.0	-8.937320821	15.740033925
584.0	-8.93751702025	15.7846379375
586.0	-8.937714300625	15.82897045
588.0	-8.9379126615	15.8730330375
590.0	-8.938112102125	15.91682725
592.0	-8.938312622	15.9603546375
594.0	-8.938514220125	16.0036167625
596.0	-8.938716896	16.046615175
598.0	-8.93892064875	16.0893514125
600.0	-8.93912547775	16.13182705
602.0	-8.93933138225	16.174043625
604.0	-8.939538361375	16.2160027
606.0	-8.9397464145	16.2577057875
608.0	-8.939955540625	16.2991544625
610.0	-8.940165739125	16.34035025
612.0	-8.940377009125001	16.3812946875
614.0	-8.94058934975	16.421989325
616.0	-8.94080276025	16.4624356625
618.0	-8.94101723975	16.5026352625
620.0	-8.941232787375	16.5425896125
622.0	-8.94144940225	16.5823002625
624.0	-8.9416670835	16.6217687125
626.0	-8.94188583025	16.6609964875
628.0	-8.942105641625	16.699985075
630.0	-8.94232651675	16.7387359875
632.0	-8.9425484545	16.7772507125
634.0	-8.94277145425	16.8155307625
636.0	-8.94299551475	16.8535776125
638.0	-8.943220635375	16.89139275
640.0	-8.943446815	16.9289776375
642.0	-8.943674052625001	16.9663337625
644.0	-8.943902347375001	17.0034625875
646.0	-8.944131698125	17.0403655625
648.0	-8.944362104125	17.0770441625
650.0	-8.94459356425	17.1134998125
652.0	-8.9448260775	17.149733975
654.0	-8.945059642875	17.185748075
656.0	-8.9452942595	17.2215435375
658.0	-8.945529926	17.2571218
660.0	-8.94576664175	17.292484275
662.0	-8.946004405375	17.327632375
664.0	-8.946243216125	17.3625675
666.0	-8.94648307275	17.39729105
668.0	-8.94672397425	17.4318044125
670.0	-8.9469659195	17.4661089875
672.0	-8.947208907625	17.5002061375
674.0	-8.947452937375001	17.5340972375
676.0	-8.947698007625	17.56778365
678.0	-8.9479441175	17.6012667375
680.0	-8.948191265875	17.6345478375
682.0	-8.948439451375	17.6676283125
684.0	-8.94868867325	17.7005094875
686.0	-8.94893893025	17.7331926875
688.0	-8.949190221125	17.76567925
690.0	-8.949442545	17.797970475
692.0	-8.949695900625	17.830067675
694.0	-8.949950286875	17.86197215
696.0	-8.950205702625	17.8936851875
698.0	-8.95046214675	17.925208075
700.0	-8.950719618125	17.9565421
702.0	-8.950978115625	17.987688525
704.0	-8.951237638	18.018648625
706.0	-8.951498184125	18.0494236375
708.0	-8.951759753000001	18.080014825
710.0	-8.95202234325	18.110423425
712.0	-8.95228595375	18.140650675
714.0	-8.9525505835	18.1706977875
716.0	-8.95281623125	18.2005660125
718.0	-8.953082895625	18.230256525
720.0	-8.953350575750001	18.25977055
722.0	-8.95361927025	18.2891092875
724.0	-8.953888978	18.318273925
726.0	-8.954159697875001	18.3472656375
728.0	-8.9544314285	18.3760856
730.0	-8.954704168875	18.4047349875
732.0	-8.95497791775	18.43321495
734.0	-8.955252673875	18.46152665
736.0	-8.955528436125	18.4896712375
738.0	-8.955805203125001	18.5176498375
740.0	-8.956082973875	18.5454635875
742.0	-8.956361747125001	18.5731136125
744.0	-8.956641521625	18.6006010375
746.0	-8.956922296	18.62792695
748.0	-8.957204069375	18.6550924625
750.0	-8.95748684025	18.6820986625
752.0	-8.9577706075	18.70894665
754.0	-8.958055369875	18.7356375
756.0	-8.95834112625	18.7621722875
758.0	-8.958627875375	18.788552075
760.0	-8.958915615875	18.8147779125
762.0	-8.95920434675	18.840850875
764.0	-8.9594940665	18.866771975
766.0	-8.959784774125	18.892542275
768.0	-8.96007646825	18.9181628
770.0	-8.96036914775	18.943634575
772.0	-8.960662811375	18.9689586
774.0	-8.96095745775	18.9941359
776.0	-8.96125308575	19.019167475
778.0	-8.96154969425	19.044054325
780.0	-8.96184728175	19.068797425
782.0	-8.962145847125	19.0933977625
784.0	-8.962445389125	19.1178563125
786.0	-8.962745906625	19.14217405
788.0	-8.96304739825	19.1663519375
790.0	-8.96334986275	19.1903909125
792.0	-8.963653299	19.2142919375
794.0	-8.963957705625	19.23805595
796.0	-8.964263081375	19.2616838875
798.0	-8.964569425125001	19.285176675
800.0	-8.9648767355	19.3085352375
802.0	-8.96518501125	19.3317604875
804.0	-8.96549425125	19.354853325
806.0	-8.965804454125001	19.377814675
808.0	-8.96611561875	19.4006454125
810.0	-8.96642774375	19.423346425
812.0	-8.966740828	19.4459186125
814.0	-8.967054870125	19.46836285
816.0	-8.967369868875	19.4906799875
818.0	-8.967685823125	19.5128709125
820.0	-8.9680027315	19.5349364625
822.0	-8.968320592875001	19.5568775125
824.0	-8.96863940575	19.5786948875
826.0	-8.96895916925	19.6003894375
828.0	-8.969279881875	19.621962
830.0	-8.969601542375	19.6434133875
832.0	-8.9699241495	19.6647444375
834.0	-8.970247702125	19.68595595
836.0	-8.970572198875	19.70704875
838.0	-8.970897638625	19.7280236375
840.0	-8.971224019875	19.7488814125
842.0	-8.97155134175	19.76962285
844.0	-8.971879602625	19.79024875
846.0	-8.972208801625001	19.8107599
848.0	-8.972538937125	19.83115705
850.0	-8.972870008125	19.851441
852.0	-8.973202013375001	19.8716125
854.0	-8.9735349515	19.8916723
856.0	-8.97386882125	19.9116211625
858.0	-8.974203621500001	19.9314598375
860.0	-8.974539351	19.9511890625
862.0	-8.9748760085	19.9708095625
864.0	-8.975213592625	19.990322075
866.0	-8.97555210225	20.0097273375
868.0	-8.975891536125001	20.0290260625
870.0	-8.976231893	20.0482189625
872.0	-8.976573171625	20.0673067375
874.0	-8.97691537075	20.0862901125
876.0	-8.977258489125001	20.105169775
878.0	-8.977602525625	20.1239464125
880.0	-8.977947478875	20.142620725
882.0	-8.97829334775	20.1611933875
884.0	-8.978640131	20.1796650875
886.0	-8.97898782725	20.1980365
888.0	-8.979336435375	20.216308275
890.0	-8.97968595425	20.2344811
892.0	-8.9800363825	20.2525556125
894.0	-8.980387718875	20.2705324875
896.0	-8.98073996225	20.28841235
898.0	-8.981093111375001	20.306195875
900.0	-8.981447165	20.323883675
902.0	-8.981802121875	20.3414763875
904.0	-8.982157980875	20.3589746625
906.0	-8.982514740625	20.3763791
908.0	-8.982872400125	20.39369035
910.0	-8.983230957875	20.410909
912.0	-8.983590412875	20.428035675
914.0	-8.983950763875	20.445070975
916.0	-8.984312009625	20.462015525
918.0	-8.984674148875	20.4788698875
920.0	-8.9850371805	20.4956346875
922.0	-8.985401103125	20.5123105
924.0	-8.985765915750001	20.5288979125
926.0	-8.986131617125	20.5453975
928.0	-8.986498205875	20.56180985
930.0	-8.986865681000001	20.578135525
932.0	-8.987234041125001	20.5943751
934.0	-8.987603285125001	20.6105291375
936.0	-8.987973411875	20.6265981875
938.0	-8.988344420125001	20.6425828125
940.0	-8.988716308625001	20.6584835625
942.0	-8.989089076125	20.6743009875
944.0	-8.989462721625001	20.6900356375
946.0	-8.989837243750001	20.7056880375
948.0	-8.990212641375	20.721258725
950.0	-8.990588913375001	20.7367482375
952.0	-8.9909660585	20.7521570875
954.0	-8.9913440755	20.767485825
956.0	-8.99172296325	20.7827349375
958.0	-8.992102720625	20.797904975
960.0	-8.992483346375	20.8129964125
962.0	-8.992864839375	20.8280097875
964.0	-8.993247198375	20.8429456
966.0	-8.993630422125001	20.8578043375
968.0	-8.994014509625	20.8725865
970.0	-8.994399459750001	20.8872925875
972.0	-8.994785271	20.901923075
974.0	-8.995171942625001	20.916478475
976.0	-8.995559473125	20.9309592375
978.0	-8.995947861375	20.945365875
980.0	-8.996337106375	20.9596988375
982.0	-8.996727206875	20.9739586
984.0	-8.99711816175	20.98814565
986.0	-8.99750996975	21.002260425
988.0	-8.99790262975	21.0163034
990.0	-8.998296140625	21.0302750375
992.0	-8.99869050125	21.0441757875
994.0	-8.999085710375	21.0580061
996.0	-8.999481767	21.0717664125
998.0	-8.99987866975	21.0854572
1000.0	-9.000276417625	21.099078875
