    1   64    1
 12.011
    1    1  1.0000  0.0000  0.0000
-56.615769   0.000000   0.000000
  0.204240   0.000000   0.000000
  0.102312   0.000000   0.000000
  0.167887   0.000000   0.000000
  0.102312   0.000000   0.000000
  0.167887   0.000000   0.000000
 -0.604979   0.000000   0.000000
  0.063241   0.000000   0.000000
 -0.171693  -0.099141   0.054916
  0.107306  -0.145254  -0.259708
 11.704368  -4.548173  -4.548173
 -0.069592  -0.099018  -0.099018
  0.366632  -0.259607  -0.259607
 -0.034650  -0.029943  -0.029943
 -0.171693   0.054916  -0.099141
  0.107306  -0.259708  -0.145254
 -1.569304   0.871664  -0.871664
 -0.081078   0.048157  -0.048157
 -1.569195   0.871557   0.871557
 -0.081118   0.048003   0.048003
 -1.569195  -0.871557  -0.871557
 -0.081118  -0.048003  -0.048003
 -1.569304  -0.871664   0.871664
 -0.081078  -0.048157   0.048157
 11.704368   4.548173   4.548173
 -0.069592   0.099018   0.099018
 -0.171693   0.099141  -0.054916
  0.107306   0.145254   0.259708
 -0.171693  -0.054916   0.099141
  0.107306   0.259708   0.145254
  0.366632   0.259607   0.259607
 -0.034650   0.029943   0.029943
  1.863347  -0.871566   1.952928
  1.863208  -0.871528  -1.952655
  0.094896  -0.048139  -0.069738
  0.094776  -0.048019   0.069811
  1.863347   0.871566  -1.952928
  1.863208   0.871528   1.952655
  0.094896   0.048139   0.069738
  0.094776   0.048019  -0.069811
 -0.171633   0.099321   0.054950
  0.107226   0.145245  -0.259620
 11.703518   4.548085  -4.548085
 -0.070305   0.099122  -0.099122
  0.366840   0.259404  -0.259404
 -0.034546   0.030034  -0.030034
 -0.171633  -0.054950  -0.099321
  0.107226   0.259620  -0.145245
  1.863347  -1.952928   0.871566
  1.863208   1.952655   0.871528
  1.863347   1.952928  -0.871566
  1.863208  -1.952655  -0.871528
  0.094896   0.069738   0.048139
  0.094776  -0.069811   0.048019
  0.094896  -0.069738  -0.048139
  0.094776   0.069811  -0.048019
 11.703518  -4.548085   4.548085
 -0.070305  -0.099122   0.099122
 -0.171633  -0.099321  -0.054950
  0.107226  -0.145245   0.259620
 -0.171633   0.054950   0.099321
  0.107226  -0.259620   0.145245
  0.366840  -0.259404   0.259404
 -0.034546  -0.030034   0.030034
