    1   64    1
 12.011
    1    1  1.0000  0.0000  0.0000
-42.836886   3.543799   3.410023
  0.163255   0.004697   0.004520
  0.092804   0.007439  -0.001175
  0.114075  -0.023868  -0.007272
  0.092804  -0.000888   0.007479
  0.114075  -0.008185  -0.023571
 -0.559700   0.018776   0.018067
  0.053458   0.005613   0.005401
 -0.131435  -0.063290   0.006898
  0.095610  -0.143771  -0.221280
  9.271061  -2.663883  -2.563323
 -0.111704  -0.111017  -0.106826
  0.278800  -0.215099  -0.206979
 -0.032446  -0.034068  -0.032782
 -0.131435   0.004459  -0.063508
  0.095610  -0.226646  -0.135154
 -1.429123   0.769554  -0.748936
 -0.058772   0.040998  -0.027021
 -1.295844   0.774591   0.745351
 -0.045158   0.051801   0.049845
 -1.296031  -0.511524  -0.492214
 -0.044834  -0.030128  -0.028991
 -1.429123  -0.718784   0.797789
 -0.058772  -0.025425   0.042007
  6.999056  -0.106074  -0.102070
 -0.061417   0.113178   0.108906
 -0.145443   0.116497  -0.032447
  0.084214   0.070883   0.184619
 -0.145443  -0.027942   0.117658
  0.084214   0.187209   0.063730
  0.355742   0.176216   0.169564
 -0.023972   0.031581   0.030389
  1.416301  -0.620302   1.416731
  1.569868  -0.838913  -1.720833
  0.081861  -0.035395  -0.065315
  0.084318  -0.031107   0.080843
  1.569913   0.649493  -1.729889
  1.416077   0.665946   1.367382
  0.084490   0.035383   0.083032
  0.081706   0.046941  -0.068644
 -0.179805   0.081999   0.003332
  0.013868   0.048280  -0.206570
  9.593997   2.614007  -2.779016
 -0.042824   0.076333  -0.069964
  0.360653   0.213112  -0.245454
 -0.038516   0.023405  -0.034500
 -0.154485  -0.051781  -0.107664
  0.113957   0.223239  -0.153197
  1.569913  -1.703628   0.715547
  1.416077   1.391984   0.612862
  1.416301   1.391825  -0.674333
  1.569868  -1.751826  -0.772107
  0.084490   0.084332   0.032164
  0.081706  -0.066787   0.049546
  0.081861  -0.066628  -0.032857
  0.084318   0.079587  -0.034194
  9.593997  -2.676422   2.718958
 -0.042824  -0.066976   0.078968
 -0.154485  -0.109576  -0.047601
  0.113957  -0.144498   0.228966
 -0.179805   0.006483   0.081810
  0.013868  -0.204560   0.056189
  0.360653  -0.237076   0.222395
 -0.038516  -0.033574   0.024715
