    1   64    2
 12.011
    1    1  1.0000  0.0000  0.0000
-50.963462  -0.000000  -0.000000
  0.176435   0.000000  -0.000000
  0.098229   0.000000  -0.000000
  0.162765  -0.000000  -0.000000
  0.117735  -0.000000  -0.000000
  0.137145  -0.000000  -0.000000
 -0.595008  -0.000000  -0.000000
  0.058507   0.000000  -0.000000
 -0.170513  -0.085388   0.030085
  0.137737  -0.177038  -0.241260
 10.517215  -3.190067  -3.412540
 -0.046289  -0.085271  -0.078288
  0.365713  -0.232921  -0.242460
 -0.033665  -0.025766  -0.032572
 -0.175321   0.068346  -0.124010
  0.086201  -0.232943  -0.103760
 -1.504450   0.831578  -0.760967
 -0.077961   0.039730  -0.042841
 -1.504388   0.831284   0.760745
 -0.077980   0.039670   0.042933
 -1.504388  -0.831284  -0.760745
 -0.077980  -0.039670  -0.042933
 -1.504450  -0.831578   0.760967
 -0.077961  -0.039730   0.042841
 10.517215   3.190067   3.412540
 -0.046289   0.085271   0.078288
 -0.170513   0.085388  -0.030085
  0.137737   0.177038   0.241260
 -0.175321  -0.068346   0.124010
  0.086201   0.232943   0.103760
  0.365713   0.232921   0.242460
 -0.033665   0.025766   0.032572
  1.617302  -0.831504   1.691621
  1.617291  -0.831372  -1.691866
  0.090150  -0.039703  -0.075467
  0.090369  -0.039789   0.075621
  1.617302   0.831504  -1.691621
  1.617291   0.831372   1.691866
  0.090150   0.039703   0.075467
  0.090369   0.039789  -0.075621
 -0.170409   0.085435   0.029981
  0.137574   0.177062  -0.241303
 10.516822   3.190248  -3.412654
 -0.046651   0.085421  -0.078264
  0.365975   0.232861  -0.242399
 -0.033842   0.025957  -0.032635
 -0.175648  -0.068438  -0.123907
  0.085820   0.233021  -0.103626
  1.813931  -1.966163   0.793608
  1.813778   1.966056   0.793544
  1.813931   1.966163  -0.793608
  1.813778  -1.966056  -0.793544
  0.082486   0.061854   0.045769
  0.082579  -0.061970   0.045726
  0.082486  -0.061854  -0.045769
  0.082579   0.061970  -0.045726
 10.516822  -3.190248   3.412654
 -0.046651  -0.085421   0.078264
 -0.170409  -0.085435  -0.029981
  0.137574  -0.177062   0.241303
 -0.175648   0.068438   0.123907
  0.085820  -0.233021   0.103626
  0.365975  -0.232861   0.242399
 -0.033842  -0.025957   0.032635
    1    2  0.0000  0.0000  1.0000
  0.000000  -0.000000 -49.583623
  0.000000  -0.000000   0.073479
  0.000000  -0.000000   0.073479
  0.000000  -0.000000  -0.565145
  0.000000  -0.000000   0.195836
  0.000000  -0.000000   0.127303
  0.000000  -0.000000   0.127303
  0.000000  -0.000000   0.054102
  0.029956   0.078395  -0.141750
 -0.240977   0.240977   0.337154
 -3.412605   3.412605  10.274907
 -0.078395  -0.029956  -0.141750
 -0.242572   0.103624   0.069787
 -0.032551   0.032551  -0.033661
 -0.123949   0.123949  -0.108016
 -0.103624   0.242572   0.069787
  0.760815  -1.691798   1.681609
  0.042937   0.075581   0.092526
 -0.760815   1.691798   1.681609
 -0.042937  -0.075581   0.092526
  0.760803   1.691810   1.681696
  0.043024  -0.075504   0.092617
 -0.760803  -1.691810   1.681696
 -0.043024   0.075504   0.092617
  3.412515   3.412515  10.274961
  0.078270  -0.029927  -0.141818
 -0.029927   0.078270  -0.141818
  0.241236   0.241236   0.337254
  0.123976   0.123976  -0.107933
  0.103730   0.242476   0.069845
  0.242476   0.103730   0.069845
  0.032447   0.032447  -0.033341
  1.691798  -0.760815   1.681609
 -1.691798   0.760815   1.681609
 -0.075581  -0.042937   0.092526
  0.075581   0.042937   0.092526
 -1.691810  -0.760803   1.681696
  1.691810   0.760803   1.681696
  0.075504  -0.043024   0.092617
 -0.075504   0.043024   0.092617
  0.029927  -0.078270  -0.141818
 -0.241236  -0.241236   0.337254
 -3.412515  -3.412515  10.274961
 -0.078270   0.029927  -0.141818
 -0.242476  -0.103730   0.069845
 -0.032447  -0.032447  -0.033341
 -0.123976  -0.123976  -0.107933
 -0.103730  -0.242476   0.069845
 -0.793630   0.793630  -1.450770
 -0.793559  -0.793559  -1.450698
  0.793559   0.793559  -1.450698
  0.793630  -0.793630  -1.450770
 -0.045743   0.045743  -0.050155
 -0.045807  -0.045807  -0.050092
  0.045807   0.045807  -0.050092
  0.045743  -0.045743  -0.050155
  3.412605  -3.412605  10.274907
  0.078395   0.029956  -0.141750
 -0.029956  -0.078395  -0.141750
  0.240977  -0.240977   0.337154
  0.123949  -0.123949  -0.108016
  0.103624  -0.242572   0.069787
  0.242572  -0.103624   0.069787
  0.032551  -0.032551  -0.033661
