    1   64    2
 12.011
    1    1  1.0000  0.0000  0.0000
-35.762721  -0.000000  -0.000000
  0.138746  -0.000000  -0.000000
  0.085062  -0.000000  -0.000000
  0.077117  -0.000000  -0.000000
  0.073989  -0.000000  -0.000000
  0.095503  -0.000000  -0.000000
 -0.531501  -0.000000  -0.000000
  0.044552  -0.000000  -0.000000
 -0.140413  -0.093629   0.013786
  0.038590  -0.047983  -0.185904
  7.406234  -0.786666  -0.701146
 -0.073088  -0.093754  -0.096659
  0.317276  -0.195231  -0.182922
 -0.029459  -0.033301  -0.029790
 -0.134262  -0.007293  -0.070177
  0.077501  -0.195371  -0.100075
 -1.248107   0.603432  -0.641935
 -0.038958   0.034088  -0.031834
 -1.247985   0.603521   0.642022
 -0.038625   0.034140   0.031747
 -1.247985  -0.603521  -0.642022
 -0.038625  -0.034140  -0.031747
 -1.248107  -0.603432   0.641935
 -0.038958  -0.034088   0.031834
  7.406234   0.786666   0.701146
 -0.073088   0.093754   0.096659
 -0.140413   0.093629  -0.013786
  0.038590   0.047983   0.185904
 -0.134262   0.007293   0.070177
  0.077501   0.195371   0.100075
  0.317276   0.195231   0.182922
 -0.029459   0.033301   0.029790
  1.375331  -0.603799   1.414008
  1.375468  -0.603691  -1.413925
  0.074887  -0.033963  -0.075739
  0.075015  -0.033845   0.075762
  1.375331   0.603799  -1.414008
  1.375468   0.603691   1.413925
  0.074887   0.033963   0.075739
  0.075015   0.033845  -0.075762
 -0.140343   0.093772   0.013804
  0.038576   0.047960  -0.185761
  7.405948   0.786823  -0.701255
 -0.073667   0.093801  -0.096725
  0.316941   0.195450  -0.183045
 -0.029876   0.033530  -0.029812
 -0.134498   0.007382  -0.070498
  0.077275   0.195462  -0.099883
  1.241968  -1.237662   0.618034
  1.242115   1.237705   0.617899
  1.241968   1.237662  -0.618034
  1.242115  -1.237705  -0.617899
  0.078025   0.082301   0.029851
  0.077757  -0.082472   0.029827
  0.078025  -0.082301  -0.029851
  0.077757   0.082472  -0.029827
  7.405948  -0.786823   0.701255
 -0.073667  -0.093801   0.096725
 -0.140343  -0.093772  -0.013804
  0.038576  -0.047960   0.185761
 -0.134498  -0.007382   0.070498
  0.077275  -0.195462   0.099883
  0.316941  -0.195450   0.183045
 -0.029876  -0.033530   0.029812
    1    2  0.0000  0.0000  1.0000
 -0.000000  -0.000000 -37.188725
 -0.000000  -0.000000   0.108062
 -0.000000  -0.000000   0.108062
 -0.000000  -0.000000  -0.581819
 -0.000000  -0.000000   0.129131
 -0.000000  -0.000000   0.101968
 -0.000000  -0.000000   0.101968
 -0.000000  -0.000000   0.048656
  0.013722   0.096638  -0.156977
 -0.185792   0.185792   0.359876
 -0.701120   0.701120   7.755077
 -0.096638  -0.013722  -0.156977
 -0.182802   0.100173   0.087082
 -0.029848   0.029848  -0.033663
 -0.070252   0.070252  -0.036252
 -0.100173   0.182802   0.087082
  0.641943  -1.413974   1.309320
  0.031654   0.075716   0.073391
 -0.641943   1.413974   1.309320
 -0.031654  -0.075716   0.073391
  0.642004   1.414063   1.309244
  0.031868  -0.075830   0.073459
 -0.642004  -1.414063   1.309244
 -0.031868   0.075830   0.073459
  0.700959   0.700959   7.755210
  0.096837  -0.013650  -0.157153
 -0.013650   0.096837  -0.157153
  0.185938   0.185938   0.359987
  0.070236   0.070236  -0.035668
  0.100120   0.183108   0.087080
  0.183108   0.100120   0.087080
  0.029659   0.029659  -0.033502
  1.413974  -0.641943   1.309320
 -1.413974   0.641943   1.309320
 -0.075716  -0.031654   0.073391
  0.075716   0.031654   0.073391
 -1.414063  -0.642004   1.309244
  1.414063   0.642004   1.309244
  0.075830  -0.031868   0.073459
 -0.075830   0.031868   0.073459
  0.013650  -0.096837  -0.157153
 -0.185938  -0.185938   0.359987
 -0.700959  -0.700959   7.755210
 -0.096837   0.013650  -0.157153
 -0.183108  -0.100120   0.087080
 -0.029659  -0.029659  -0.033502
 -0.070236  -0.070236  -0.035668
 -0.100120  -0.183108   0.087080
 -0.617839   0.617839  -1.322616
 -0.617826  -0.617826  -1.322450
  0.617826   0.617826  -1.322450
  0.617839  -0.617839  -1.322616
 -0.029916   0.029916  -0.055363
 -0.030094  -0.030094  -0.055180
  0.030094   0.030094  -0.055180
  0.029916  -0.029916  -0.055363
  0.701120  -0.701120   7.755077
  0.096638   0.013722  -0.156977
 -0.013722  -0.096638  -0.156977
  0.185792  -0.185792   0.359876
  0.070252  -0.070252  -0.036252
  0.100173  -0.182802   0.087082
  0.182802  -0.100173   0.087082
  0.029848  -0.029848  -0.033663
