    1   64    1
 12.011
    1    1  1.0000  0.0000  0.0000
-42.777360   1.822370   1.786981
  0.161433   0.002129   0.002088
  0.092807   0.003509  -0.000392
  0.113767  -0.011563  -0.003165
  0.092807  -0.000323   0.003516
  0.113767  -0.003391  -0.011499
 -0.566043   0.010246   0.010047
  0.051935   0.002312   0.002267
 -0.143790  -0.078412   0.015326
  0.088353  -0.122878  -0.217208
  9.091944  -2.265301  -2.221311
 -0.089707  -0.103186  -0.101182
  0.311930  -0.214243  -0.210082
 -0.032806  -0.032427  -0.031797
 -0.143790   0.013785  -0.078698
  0.088353  -0.219576  -0.118596
 -1.398581   0.738686  -0.726559
 -0.058358   0.038818  -0.032629
 -1.340005   0.745461   0.730984
 -0.051590   0.044230   0.043372
 -1.339983  -0.608791  -0.596968
 -0.051435  -0.034209  -0.033545
 -1.398581  -0.711936   0.752791
 -0.058358  -0.031862   0.039450
  7.914031   0.806699   0.791034
 -0.064393   0.102969   0.100969
 -0.151210   0.104666  -0.028322
  0.085709   0.087025   0.198425
 -0.151210  -0.026264   0.105201
  0.085709   0.200093   0.083117
  0.354291   0.194586   0.190808
 -0.028856   0.031372   0.030763
  1.451178  -0.664598   1.479274
  1.528930  -0.770443  -1.630482
  0.082110  -0.036990  -0.070500
  0.083145  -0.034811   0.077747
  1.529123   0.680142  -1.634500
  1.450863   0.689601   1.453008
  0.083399   0.036082   0.080279
  0.081871   0.041558  -0.072071
 -0.168989   0.087961   0.012522
  0.047885   0.075581  -0.210670
  9.226912   2.250792  -2.312166
 -0.054057   0.085465  -0.081891
  0.350759   0.212268  -0.229063
 -0.036094   0.027505  -0.032892
 -0.155083  -0.038941  -0.101316
  0.097660   0.217533  -0.127288
  1.529123  -1.620850   0.712061
  1.450863   1.466250   0.660978
  1.451178   1.465958  -0.693476
  1.528930  -1.645276  -0.738324
  0.083399   0.080971   0.034501
  0.081871  -0.071243   0.042963
  0.082110  -0.071212  -0.035601
  0.083145   0.077049  -0.036329
  9.226912  -2.267588   2.295696
 -0.054057  -0.080199   0.087054
 -0.155083  -0.102060  -0.036947
  0.097660  -0.122998   0.219987
 -0.168989   0.014244   0.087699
  0.047885  -0.209147   0.079698
  0.350759  -0.224856   0.216718
 -0.036094  -0.032346   0.028144
