    1   64    1
 12.011
    1    1  1.0000  0.0000  0.0000
-42.813580  -4.028925  -4.200444
  0.162536  -0.002554  -0.002662
  0.092754  -0.005461  -0.000464
  0.114798   0.024268   0.002701
  0.092754  -0.000236  -0.005475
  0.114798   0.001688   0.024360
 -0.557973  -0.025259  -0.026334
  0.052994  -0.003891  -0.004056
 -0.176217  -0.122261   0.037817
  0.064389  -0.064836  -0.198567
  8.282922  -1.129644  -1.177735
 -0.006757  -0.063373  -0.066071
  0.398348  -0.202844  -0.211480
 -0.037132  -0.028873  -0.030102
 -0.176217   0.042878  -0.120579
  0.064389  -0.195693  -0.073053
 -1.323515   0.624132  -0.656712
 -0.045862   0.037521  -0.043640
 -1.395818   0.578285   0.602904
 -0.056979   0.026805   0.027946
 -1.395569  -0.884191  -0.921833
 -0.056771  -0.038488  -0.040126
 -1.323515  -0.682147   0.596227
 -0.045862  -0.045165   0.035670
 10.849194   4.559407   4.753510
 -0.065778   0.076678   0.079942
 -0.157244   0.073149  -0.013151
  0.049334   0.127710   0.237495
 -0.157244  -0.016188   0.072537
  0.049334   0.231967   0.137494
  0.285947   0.241272   0.251543
 -0.041524   0.029331   0.030580
  1.579161  -0.765187   1.698768
  1.407772  -0.572855  -1.389977
  0.083532  -0.032833  -0.084689
  0.083876  -0.040029   0.073031
  1.407835   0.733341  -1.384973
  1.579113   0.697362   1.759803
  0.083723   0.042826   0.061712
  0.083639   0.032481  -0.082040
 -0.124117   0.104437   0.049126
  0.137604   0.144030  -0.207613
  8.153339   1.071604  -1.091235
 -0.092035   0.105648  -0.114486
  0.332353   0.211448  -0.176106
 -0.028527   0.038193  -0.027094
 -0.155367   0.018075  -0.068830
  0.047630   0.200134  -0.057179
  1.407835  -1.414326   0.674997
  1.579113   1.729218   0.770082
  1.579161   1.729175  -0.693741
  1.407772  -1.364901  -0.630274
  0.083723   0.059874   0.045360
  0.083639  -0.083322   0.029035
  0.083532  -0.083247  -0.036333
  0.083876   0.074636  -0.036951
  8.153339  -1.134937   1.025206
 -0.092035  -0.118789   0.100786
 -0.155367  -0.069524   0.015192
  0.047630  -0.065468   0.197578
 -0.124117   0.044732   0.106393
  0.137604  -0.213434   0.135254
  0.332353  -0.184763   0.203926
 -0.028527  -0.028661   0.037031
