    1   64    2
 12.011
    1    1  1.0000  0.0000  0.0000
-46.698753   0.000000   0.000000
  0.169119   0.000000   0.000000
  0.095955   0.000000   0.000000
  0.134115   0.000000   0.000000
  0.104633   0.000000   0.000000
  0.123761   0.000000   0.000000
 -0.583621   0.000000   0.000000
  0.054801   0.000000   0.000000
 -0.163177  -0.090240   0.027124
  0.108322  -0.137234  -0.225823
  9.667096  -2.502673  -2.592902
 -0.057323  -0.090281  -0.087553
  0.355010  -0.221723  -0.226952
 -0.034109  -0.028682  -0.031824
 -0.165471   0.044192  -0.107840
  0.083631  -0.221676  -0.103265
 -1.436926   0.763945  -0.733484
 -0.066128   0.038842  -0.040137
 -1.436984   0.763876   0.733570
 -0.066071   0.038671   0.040093
 -1.436984  -0.763876  -0.733570
 -0.066071  -0.038671  -0.040093
 -1.436926  -0.763945   0.733484
 -0.066128  -0.038842   0.040137
  9.667096   2.502673   2.592902
 -0.057323   0.090281   0.087553
 -0.163177   0.090240  -0.027124
  0.108322   0.137234   0.225823
 -0.165471  -0.044192   0.107840
  0.083631   0.221676   0.103265
  0.355010   0.221723   0.226952
 -0.034109   0.028682   0.031824
  1.550718  -0.763857   1.617090
  1.550726  -0.763714  -1.617149
  0.086294  -0.038619  -0.075247
  0.086262  -0.038812   0.075234
  1.550718   0.763857  -1.617090
  1.550726   0.763714   1.617149
  0.086294   0.038619   0.075247
  0.086262   0.038812  -0.075234
 -0.163048   0.090376   0.027220
  0.108319   0.137312  -0.225850
  9.667113   2.502631  -2.592874
 -0.057682   0.090327  -0.087594
  0.355190   0.221749  -0.226835
 -0.034084   0.028744  -0.031824
 -0.165614  -0.044028  -0.107668
  0.083387   0.221844  -0.103248
  1.639081  -1.738401   0.748452
  1.639042   1.738174   0.748372
  1.639081   1.738401  -0.748452
  1.639042  -1.738174  -0.748372
  0.083274   0.069514   0.041435
  0.083147  -0.069682   0.041536
  0.083274  -0.069514  -0.041435
  0.083147   0.069682  -0.041536
  9.667113  -2.502631   2.592874
 -0.057682  -0.090327   0.087594
 -0.163048  -0.090376  -0.027220
  0.108319  -0.137312   0.225850
 -0.165614   0.044028   0.107668
  0.083387  -0.221844   0.103248
  0.355190  -0.221749   0.226835
 -0.034084  -0.028744   0.031824
    1    2  0.0000  0.0000  1.0000
  0.000000   0.000000 -45.995252
  0.000000   0.000000   0.084126
  0.000000   0.000000   0.084126
  0.000000   0.000000  -0.565224
  0.000000   0.000000   0.178307
  0.000000   0.000000   0.119438
  0.000000   0.000000   0.119438
  0.000000   0.000000   0.052814
  0.027295   0.087546  -0.150598
 -0.225794   0.225794   0.338483
 -2.592615   2.592615   9.527579
 -0.087546  -0.027295  -0.150598
 -0.226925   0.103273   0.076170
 -0.031814   0.031814  -0.033721
 -0.107618   0.107618  -0.084902
 -0.103273   0.226925   0.076170
  0.733193  -1.617217   1.583432
  0.040021   0.075202   0.087291
 -0.733193   1.617217   1.583432
 -0.040021  -0.075202   0.087291
  0.733486   1.617326   1.583592
  0.040140  -0.075306   0.087303
 -0.733486  -1.617326   1.583592
 -0.040140   0.075306   0.087303
  2.592948   2.592948   9.527641
  0.087680  -0.027153  -0.150390
 -0.027153   0.087680  -0.150390
  0.225815   0.225815   0.338826
  0.107660   0.107660  -0.084977
  0.103426   0.227096   0.076397
  0.227096   0.103426   0.076397
  0.031847   0.031847  -0.033396
  1.617217  -0.733193   1.583432
 -1.617217   0.733193   1.583432
 -0.075202  -0.040021   0.087291
  0.075202   0.040021   0.087291
 -1.617326  -0.733486   1.583592
  1.617326   0.733486   1.583592
  0.075306  -0.040140   0.087303
 -0.075306   0.040140   0.087303
  0.027153  -0.087680  -0.150390
 -0.225815  -0.225815   0.338826
 -2.592948  -2.592948   9.527641
 -0.087680   0.027153  -0.150390
 -0.227096  -0.103426   0.076397
 -0.031847  -0.031847  -0.033396
 -0.107660  -0.107660  -0.084977
 -0.103426  -0.227096   0.076397
 -0.748264   0.748264  -1.406187
 -0.748354  -0.748354  -1.406441
  0.748354   0.748354  -1.406441
  0.748264  -0.748264  -1.406187
 -0.041501   0.041501  -0.054083
 -0.041572  -0.041572  -0.054103
  0.041572   0.041572  -0.054103
  0.041501  -0.041501  -0.054083
  2.592615  -2.592615   9.527579
  0.087546   0.027295  -0.150598
 -0.027295  -0.087546  -0.150598
  0.225794  -0.225794   0.338483
  0.107618  -0.107618  -0.084902
  0.103273  -0.226925   0.076170
  0.226925  -0.103273   0.076170
  0.031814  -0.031814  -0.033721
