    1   64    1
 12.011
    1    1  1.0000  0.0000  0.0000
-43.982191   0.000000   0.000000
  0.164778   0.000000   0.000000
  0.093624   0.000000   0.000000
  0.117183   0.000000   0.000000
  0.093624   0.000000   0.000000
  0.117183   0.000000   0.000000
 -0.572033   0.000000   0.000000
  0.052739   0.000000   0.000000
 -0.157051  -0.094242   0.026765
  0.083817  -0.106262  -0.216299
  9.116651  -2.099868  -2.099868
 -0.066043  -0.094084  -0.094084
  0.345109  -0.216228  -0.216228
 -0.033617  -0.030911  -0.030911
 -0.157051   0.026765  -0.094242
  0.083817  -0.216299  -0.106262
 -1.390179   0.718985  -0.718985
 -0.058218   0.038383  -0.038383
 -1.390114   0.718844   0.718844
 -0.058138   0.038319   0.038319
 -1.390114  -0.718844  -0.718844
 -0.058138  -0.038319  -0.038319
 -1.390179  -0.718985   0.718985
 -0.058218  -0.038383   0.038383
  9.116651   2.099868   2.099868
 -0.066043   0.094084   0.094084
 -0.157051   0.094242  -0.026765
  0.083817   0.106262   0.216299
 -0.157051  -0.026765   0.094242
  0.083817   0.216299   0.106262
  0.345109   0.216228   0.216228
 -0.033617   0.030911   0.030911
  1.522378  -0.718903   1.582438
  1.522254  -0.718873  -1.582325
  0.083467  -0.038343  -0.074836
  0.083537  -0.038357   0.074877
  1.522378   0.718903  -1.582438
  1.522254   0.718873   1.582325
  0.083467   0.038343   0.074836
  0.083537   0.038357  -0.074877
 -0.156916   0.094161   0.026647
  0.083737   0.106178  -0.216295
  9.116207   2.099800  -2.099800
 -0.066338   0.094160  -0.094160
  0.345326   0.216161  -0.216161
 -0.033544   0.030923  -0.030923
 -0.156916  -0.026647  -0.094161
  0.083737   0.216295  -0.106178
  1.522378  -1.582438   0.718903
  1.522254   1.582325   0.718873
  1.522378   1.582438  -0.718903
  1.522254  -1.582325  -0.718873
  0.083467   0.074836   0.038343
  0.083537  -0.074877   0.038357
  0.083467  -0.074836  -0.038343
  0.083537   0.074877  -0.038357
  9.116207  -2.099800   2.099800
 -0.066338  -0.094160   0.094160
 -0.156916  -0.094161  -0.026647
  0.083737  -0.106178   0.216295
 -0.156916   0.026647   0.094161
  0.083737  -0.216295   0.106178
  0.345326  -0.216161   0.216161
 -0.033544  -0.030923   0.030923
