    1   64    2
 12.011
    1    1  1.0000  0.0000  0.0000
-40.899090   0.000000   0.000000
  0.156254   0.000000   0.000000
  0.091037   0.000000   0.000000
  0.104849   0.000000   0.000000
  0.088269   0.000000   0.000000
  0.108315   0.000000   0.000000
 -0.559963   0.000000   0.000000
  0.049564   0.000000   0.000000
 -0.151742  -0.094220   0.021441
  0.068634  -0.086664  -0.205269
  8.482355  -1.582976  -1.551020
 -0.068416  -0.094288  -0.095042
  0.336508  -0.207594  -0.204554
 -0.032356  -0.031937  -0.030864
 -0.150152   0.014781  -0.086927
  0.079647  -0.207733  -0.101939
 -1.340166   0.676529  -0.688575
 -0.051341   0.036597  -0.036059
 -1.340098   0.676521   0.688827
 -0.051160   0.036526   0.035810
 -1.340098  -0.676521  -0.688827
 -0.051160  -0.036526  -0.035810
 -1.340166  -0.676529   0.688575
 -0.051341  -0.036597   0.036059
  8.482355   1.582976   1.551020
 -0.068416   0.094288   0.095042
 -0.151742   0.094220  -0.021441
  0.068634   0.086664   0.205269
 -0.150152  -0.014781   0.086927
  0.079647   0.207733   0.101939
  0.336508   0.207594   0.204554
 -0.032356   0.031937   0.030864
  1.459174  -0.676567   1.512034
  1.459089  -0.676486  -1.512264
  0.080410  -0.036466  -0.075371
  0.080443  -0.036521   0.075404
  1.459174   0.676567  -1.512034
  1.459089   0.676486   1.512264
  0.080410   0.036466   0.075371
  0.080443   0.036521  -0.075404
 -0.151602   0.094108   0.021492
  0.068717   0.086548  -0.205461
  8.482385   1.582686  -1.550899
 -0.068739   0.094212  -0.095177
  0.336532   0.207634  -0.204631
 -0.032664   0.031837  -0.030861
 -0.150409  -0.014878  -0.086874
  0.079449   0.207587  -0.101675
  1.421175  -1.460800   0.682013
  1.421317   1.460735   0.681932
  1.421175   1.460800  -0.682013
  1.421317  -1.460735  -0.681932
  0.081741   0.077640   0.035297
  0.081652  -0.077700   0.035315
  0.081741  -0.077640  -0.035297
  0.081652   0.077700  -0.035315
  8.482385  -1.582686   1.550899
 -0.068739  -0.094212   0.095177
 -0.151602  -0.094108  -0.021492
  0.068717  -0.086548   0.205461
 -0.150409   0.014878   0.086874
  0.079449  -0.207587   0.101675
  0.336532  -0.207634   0.204631
 -0.032664  -0.031837   0.030861
    1    2  0.0000  0.0000  1.0000
 -0.000000  -0.000000 -41.259223
 -0.000000  -0.000000   0.096994
 -0.000000  -0.000000   0.096994
 -0.000000  -0.000000  -0.570850
 -0.000000  -0.000000   0.152820
 -0.000000  -0.000000   0.110390
 -0.000000  -0.000000   0.110390
 -0.000000  -0.000000   0.050085
  0.021260   0.095281  -0.156700
 -0.205238   0.205238   0.346415
 -1.550881   1.550881   8.563068
 -0.095281  -0.021260  -0.156700
 -0.204738   0.101909   0.082713
 -0.030825   0.030825  -0.033314
 -0.086985   0.086985  -0.057389
 -0.101909   0.204738   0.082713
  0.688735  -1.512281   1.442920
  0.035950   0.075358   0.080113
 -0.688735   1.512281   1.442920
 -0.035950  -0.075358   0.080113
  0.688457   1.512113   1.442582
  0.036127  -0.075337   0.080093
 -0.688457  -1.512113   1.442582
 -0.036127   0.075337   0.080093
  1.550977   1.550977   8.563015
  0.095070  -0.021458  -0.156699
 -0.021458   0.095070  -0.156699
  0.205340   0.205340   0.346073
  0.086896   0.086896  -0.057110
  0.101784   0.204614   0.082887
  0.204614   0.101784   0.082887
  0.030671   0.030671  -0.033231
  1.512281  -0.688735   1.442920
 -1.512281   0.688735   1.442920
 -0.075358  -0.035950   0.080113
  0.075358   0.035950   0.080113
 -1.512113  -0.688457   1.442582
  1.512113   0.688457   1.442582
  0.075337  -0.036127   0.080093
 -0.075337   0.036127   0.080093
  0.021458  -0.095070  -0.156699
 -0.205340  -0.205340   0.346073
 -1.550977  -1.550977   8.563015
 -0.095070   0.021458  -0.156699
 -0.204614  -0.101784   0.082887
 -0.030671  -0.030671  -0.033231
 -0.086896  -0.086896  -0.057110
 -0.101784  -0.204614   0.082887
 -0.682067   0.682067  -1.357097
 -0.681886  -0.681886  -1.357563
  0.681886   0.681886  -1.357563
  0.682067  -0.682067  -1.357097
 -0.035303   0.035303  -0.056285
 -0.035363  -0.035363  -0.056198
  0.035363   0.035363  -0.056198
  0.035303  -0.035303  -0.056285
  1.550881  -1.550881   8.563068
  0.095281   0.021260  -0.156700
 -0.021260  -0.095281  -0.156700
  0.205238  -0.205238   0.346415
  0.086985  -0.086985  -0.057389
  0.101909  -0.204738   0.082713
  0.204738  -0.101909   0.082713
  0.030825  -0.030825  -0.033314
