    1   64    1
 12.011
    1    1  1.0000  0.0000  0.0000
-42.801911   2.693713   2.616366
  0.162256   0.003232   0.003139
  0.092899   0.005427  -0.000743
  0.113597  -0.017456  -0.005054
  0.092899  -0.000584   0.005446
  0.113597  -0.005560  -0.017302
 -0.563519   0.014803   0.014378
  0.052605   0.003908   0.003796
 -0.137665  -0.070877   0.011140
  0.092039  -0.133189  -0.219380
  9.187936  -2.463449  -2.392713
 -0.100772  -0.107302  -0.104221
  0.295316  -0.214896  -0.208726
 -0.032550  -0.033308  -0.032352
 -0.137665   0.009071  -0.071171
  0.092039  -0.223166  -0.126743
 -1.413546   0.754751  -0.737726
 -0.058853   0.039797  -0.029897
 -1.319590   0.761647   0.739777
 -0.048728   0.047846   0.046472
 -1.319381  -0.560430  -0.544338
 -0.048256  -0.032232  -0.031307
 -1.413546  -0.715430   0.775918
 -0.058853  -0.028725   0.040651
  7.452733   0.332482   0.322935
 -0.063076   0.107869   0.104771
 -0.148393   0.110373  -0.030468
  0.085609   0.079027   0.191476
 -0.148393  -0.027240   0.111214
  0.085609   0.193696   0.073417
  0.356377   0.185630   0.180300
 -0.026149   0.031667   0.030757
  1.432998  -0.643005   1.447456
  1.549060  -0.804442  -1.674532
  0.082006  -0.036337  -0.067906
  0.083892  -0.033072   0.079316
  1.549034   0.665764  -1.681036
  1.433109   0.678696   1.408948
  0.084099   0.035763   0.081971
  0.081896   0.044087  -0.070535
 -0.174667   0.084993   0.007611
  0.030491   0.061739  -0.209016
  9.410107   2.434231  -2.542001
 -0.048490   0.081155  -0.076055
  0.355368   0.212630  -0.237269
 -0.037258   0.025429  -0.033755
 -0.154698  -0.045799  -0.104670
  0.105719   0.220249  -0.140174
  1.549034  -1.660931   0.714444
  1.433109   1.428118   0.637370
  1.432998   1.428114  -0.684891
  1.549060  -1.697251  -0.755327
  0.084099   0.082977   0.033361
  0.081896  -0.069221   0.046122
  0.082006  -0.068935  -0.034343
  0.083892   0.078319  -0.035369
  9.410107  -2.470022   2.507238
 -0.048490  -0.073659   0.083336
 -0.154698  -0.105960  -0.042731
  0.105719  -0.133699   0.224238
 -0.174667   0.010084   0.084735
  0.030491  -0.207129   0.067800
  0.355368  -0.230976   0.219450
 -0.037258  -0.033000   0.026401
