    1   64    1
 12.011
    1    1  1.0000  0.0000  0.0000
-49.850006   0.000000   0.000000
  0.183069   0.000000   0.000000
  0.097214   0.000000   0.000000
  0.138150   0.000000   0.000000
  0.097214   0.000000   0.000000
  0.138150   0.000000   0.000000
 -0.587461   0.000000   0.000000
  0.057255   0.000000   0.000000
 -0.164230  -0.096976   0.040497
  0.096061  -0.125230  -0.236463
 10.316997  -3.208103  -3.208103
 -0.067466  -0.096938  -0.096938
  0.355676  -0.236263  -0.236263
 -0.034151  -0.030431  -0.030431
 -0.164230   0.040497  -0.096976
  0.096061  -0.236463  -0.125230
 -1.474900   0.790081  -0.790081
 -0.068586   0.042844  -0.042844
 -1.474600   0.790012   0.790012
 -0.068394   0.042763   0.042763
 -1.474600  -0.790012  -0.790012
 -0.068394  -0.042763  -0.042763
 -1.474900  -0.790081   0.790081
 -0.068586  -0.042844   0.042844
 10.316997   3.208103   3.208103
 -0.067466   0.096938   0.096938
 -0.164230   0.096976  -0.040497
  0.096061   0.125230   0.236463
 -0.164230  -0.040497   0.096976
  0.096061   0.236463   0.125230
  0.355676   0.236263   0.236263
 -0.034151   0.030431   0.030431
  1.681609  -0.789979   1.754701
  1.681573  -0.790079  -1.754499
  0.088891  -0.042834  -0.072275
  0.088849  -0.042746   0.072276
  1.681609   0.789979  -1.754701
  1.681573   0.790079   1.754499
  0.088891   0.042834   0.072275
  0.088849   0.042746  -0.072276
 -0.164124   0.097061   0.040414
  0.096015   0.125164  -0.236396
 10.316173   3.207973  -3.207973
 -0.068197   0.096910  -0.096910
  0.355595   0.236220  -0.236220
 -0.034228   0.030578  -0.030578
 -0.164124  -0.040414  -0.097061
  0.096015   0.236396  -0.125164
  1.681609  -1.754701   0.789979
  1.681573   1.754499   0.790079
  1.681609   1.754701  -0.789979
  1.681573  -1.754499  -0.790079
  0.088891   0.072275   0.042834
  0.088849  -0.072276   0.042746
  0.088891  -0.072275  -0.042834
  0.088849   0.072276  -0.042746
 10.316173  -3.207973   3.207973
 -0.068197  -0.096910   0.096910
 -0.164124  -0.097061  -0.040414
  0.096015  -0.125164   0.236396
 -0.164124   0.040414   0.097061
  0.096015  -0.236396   0.125164
  0.355595  -0.236220   0.236220
 -0.034228  -0.030578   0.030578
