    1   64    1
 12.011
    1    1  1.0000  0.0000  0.0000
-42.839881  -5.133385  -5.411064
  0.163067  -0.003064  -0.003230
  0.092490  -0.006571  -0.000817
  0.115781   0.031587   0.002125
  0.092490  -0.000471  -0.006605
  0.115781   0.000459   0.031655
 -0.551427  -0.033057  -0.034845
  0.053887  -0.004565  -0.004812
 -0.181207  -0.129154   0.040417
  0.059887  -0.056183  -0.194479
  8.113396  -0.951486  -1.002955
  0.011008  -0.053276  -0.056158
  0.410723  -0.199836  -0.210645
 -0.038829  -0.028860  -0.030421
 -0.181207   0.047158  -0.126848
  0.059887  -0.191253  -0.066341
 -1.311518   0.602317  -0.644339
 -0.042326   0.038600  -0.044530
 -1.392486   0.536587   0.565612
 -0.055066   0.024889   0.026235
 -1.392717  -0.927122  -0.977272
 -0.055073  -0.037634  -0.039669
 -1.311518  -0.675147   0.567569
 -0.042326  -0.046500   0.036203
 11.355235   5.362573   5.652649
 -0.065178   0.072901   0.076845
 -0.156470   0.068431  -0.010314
  0.035422   0.132623   0.243156
 -0.156470  -0.013901   0.067793
  0.035422   0.235839   0.145237
  0.263738   0.247184   0.260555
 -0.043039   0.028931   0.030496
  1.605028  -0.777074   1.742098
  1.386627  -0.540072  -1.352123
  0.083895  -0.030407  -0.087123
  0.085397  -0.040253   0.073149
  1.386862   0.737369  -1.346660
  1.604773   0.686932   1.819285
  0.085246   0.045167   0.057869
  0.083986   0.031998  -0.083732
 -0.115793   0.107348   0.055920
  0.148104   0.150120  -0.205176
  7.977668   0.858150  -0.914661
 -0.099197   0.108069  -0.119578
  0.330406   0.211057  -0.166797
 -0.027681   0.040109  -0.026153
 -0.155875   0.031564  -0.059981
  0.039816   0.196638  -0.046964
  1.386862  -1.383602   0.665470
  1.604773   1.780609   0.781732
  1.605028   1.780582  -0.684307
  1.386627  -1.321825  -0.610488
  0.085246   0.055411   0.048150
  0.083986  -0.085300   0.027547
  0.083895  -0.085402  -0.034951
  0.085397   0.075166  -0.036348
  7.977668  -0.958559   0.808820
 -0.099197  -0.125100   0.101625
 -0.155875  -0.061559   0.028363
  0.039816  -0.057248   0.193894
 -0.115793   0.050192   0.110142
  0.148104  -0.212793   0.139113
  0.330406  -0.177674   0.201985
 -0.027681  -0.028228   0.038677
