Automatically generated mesh
     189
Reciprocal lattice
    0.00000000000000    0.00000000000000    0.00000000000000             1
    0.08333333333333    0.00000000000000    0.00000000000000             6
    0.16666666666667    0.00000000000000    0.00000000000000             6
    0.25000000000000   -0.00000000000000    0.00000000000000             6
    0.33333333333333    0.00000000000000    0.00000000000000             6
    0.41666666666667   -0.00000000000000    0.00000000000000             6
    0.50000000000000   -0.00000000000000    0.00000000000000             3
    0.08333333333333    0.08333333333333   -0.00000000000000             6
    0.16666666666667    0.08333333333333    0.00000000000000            12
    0.25000000000000    0.08333333333333    0.00000000000000            12
    0.33333333333333    0.08333333333333    0.00000000000000            12
    0.41666666666667    0.08333333333333    0.00000000000000            12
    0.50000000000000    0.08333333333333    0.00000000000000            12
   -0.41666666666667    0.08333333333333   -0.00000000000000            12
   -0.33333333333333    0.08333333333333   -0.00000000000000            12
   -0.25000000000000    0.08333333333333   -0.00000000000000            12
   -0.16666666666667    0.08333333333333   -0.00000000000000            12
   -0.08333333333333    0.08333333333333   -0.00000000000000             6
    0.16666666666667    0.16666666666667    0.00000000000000             6
    0.25000000000000    0.16666666666667   -0.00000000000000            12
    0.33333333333333    0.16666666666667    0.00000000000000            12
    0.41666666666667    0.16666666666667    0.00000000000000            12
    0.50000000000000    0.16666666666667   -0.00000000000000            12
   -0.41666666666667    0.16666666666667   -0.00000000000000            12
   -0.33333333333333    0.16666666666667   -0.00000000000000            12
   -0.25000000000000    0.16666666666667   -0.00000000000000            12
   -0.16666666666667    0.16666666666667   -0.00000000000000             6
    0.25000000000000    0.25000000000000   -0.00000000000000             6
    0.33333333333333    0.25000000000000   -0.00000000000000            12
    0.41666666666667    0.25000000000000    0.00000000000000            12
    0.50000000000000    0.25000000000000    0.00000000000000            12
   -0.41666666666667    0.25000000000000   -0.00000000000000            12
   -0.33333333333333    0.25000000000000   -0.00000000000000            12
   -0.25000000000000    0.25000000000000   -0.00000000000000             6
    0.33333333333333    0.33333333333333   -0.00000000000000             6
    0.41666666666667    0.33333333333333    0.00000000000000            12
    0.50000000000000    0.33333333333333   -0.00000000000000            12
   -0.41666666666667    0.33333333333333   -0.00000000000000            12
   -0.33333333333333    0.33333333333333   -0.00000000000000             6
    0.41666666666667    0.41666666666667   -0.00000000000000             6
    0.50000000000000    0.41666666666667   -0.00000000000000            12
   -0.41666666666667    0.41666666666667   -0.00000000000000             6
    0.50000000000000    0.50000000000000   -0.00000000000000             3
    0.08333333333333    0.08333333333333    0.08333333333333             2
    0.16666666666667    0.08333333333333    0.08333333333333             6
    0.25000000000000    0.08333333333333    0.08333333333333             6
    0.33333333333333    0.08333333333333    0.08333333333333             6
    0.41666666666667    0.08333333333333    0.08333333333333             6
    0.50000000000000    0.08333333333333    0.08333333333333             6
   -0.41666666666667    0.08333333333333    0.08333333333333             6
   -0.33333333333333    0.08333333333333    0.08333333333333             6
   -0.25000000000000    0.08333333333333    0.08333333333333             6
   -0.16666666666667    0.08333333333333    0.08333333333333             6
   -0.08333333333333    0.08333333333333    0.08333333333333             6
    0.16666666666667    0.16666666666667    0.08333333333333             6
    0.25000000000000    0.16666666666667    0.08333333333333            12
    0.33333333333333    0.16666666666667    0.08333333333333            12
    0.41666666666667    0.16666666666667    0.08333333333333            12
    0.50000000000000    0.16666666666667    0.08333333333333            12
   -0.41666666666667    0.16666666666667    0.08333333333333            12
   -0.33333333333333    0.16666666666667    0.08333333333333            12
   -0.25000000000000    0.16666666666667    0.08333333333333            12
   -0.16666666666667    0.16666666666667    0.08333333333333            12
   -0.08333333333333    0.16666666666667    0.08333333333333            12
    0.25000000000000    0.25000000000000    0.08333333333333             6
    0.33333333333333    0.25000000000000    0.08333333333333            12
    0.41666666666667    0.25000000000000    0.08333333333333            12
    0.50000000000000    0.25000000000000    0.08333333333333            12
   -0.41666666666667    0.25000000000000    0.08333333333333            12
   -0.33333333333333    0.25000000000000    0.08333333333333            12
   -0.25000000000000    0.25000000000000    0.08333333333333            12
   -0.16666666666667    0.25000000000000    0.08333333333333            12
   -0.08333333333333    0.25000000000000    0.08333333333333            12
    0.33333333333333    0.33333333333333    0.08333333333333             6
    0.41666666666667    0.33333333333333    0.08333333333333            12
    0.50000000000000    0.33333333333333    0.08333333333333            12
   -0.41666666666667    0.33333333333333    0.08333333333333            12
   -0.33333333333333    0.33333333333333    0.08333333333333            12
   -0.25000000000000    0.33333333333333    0.08333333333333            12
   -0.16666666666667    0.33333333333333    0.08333333333333            12
   -0.08333333333333    0.33333333333333    0.08333333333333            12
    0.41666666666667    0.41666666666667    0.08333333333333             6
    0.50000000000000    0.41666666666667    0.08333333333333            12
   -0.41666666666667    0.41666666666667    0.08333333333333            12
   -0.33333333333333    0.41666666666667    0.08333333333333            12
   -0.25000000000000    0.41666666666667    0.08333333333333            12
   -0.16666666666667    0.41666666666667    0.08333333333333            12
   -0.08333333333333    0.41666666666667    0.08333333333333            12
    0.50000000000000    0.50000000000000    0.08333333333333             6
   -0.41666666666667    0.50000000000000    0.08333333333333            12
   -0.33333333333333    0.50000000000000    0.08333333333333            12
   -0.25000000000000    0.50000000000000    0.08333333333333            12
   -0.16666666666667    0.50000000000000    0.08333333333333            12
   -0.08333333333333    0.50000000000000    0.08333333333333             6
   -0.41666666666667   -0.41666666666667    0.08333333333333             6
   -0.33333333333333   -0.41666666666667    0.08333333333333            12
   -0.25000000000000   -0.41666666666667    0.08333333333333            12
   -0.16666666666667   -0.41666666666667    0.08333333333333            12
   -0.33333333333333   -0.33333333333333    0.08333333333333             6
   -0.25000000000000   -0.33333333333333    0.08333333333333            12
   -0.16666666666667   -0.33333333333333    0.08333333333333            12
   -0.25000000000000   -0.25000000000000    0.08333333333333             6
   -0.16666666666667   -0.25000000000000    0.08333333333333            12
   -0.16666666666667   -0.16666666666667    0.08333333333333             6
    0.16666666666667    0.16666666666667    0.16666666666667             2
    0.25000000000000    0.16666666666667    0.16666666666667             6
    0.33333333333333    0.16666666666667    0.16666666666667             6
    0.41666666666667    0.16666666666667    0.16666666666667             6
    0.50000000000000    0.16666666666667    0.16666666666667             6
   -0.41666666666667    0.16666666666667    0.16666666666667             6
   -0.33333333333333    0.16666666666667    0.16666666666667             6
   -0.25000000000000    0.16666666666667    0.16666666666667             6
   -0.16666666666667    0.16666666666667    0.16666666666667             6
    0.25000000000000    0.25000000000000    0.16666666666667             6
    0.33333333333333    0.25000000000000    0.16666666666667            12
    0.41666666666667    0.25000000000000    0.16666666666667            12
    0.50000000000000    0.25000000000000    0.16666666666667            12
   -0.41666666666667    0.25000000000000    0.16666666666667            12
   -0.33333333333333    0.25000000000000    0.16666666666667            12
   -0.25000000000000    0.25000000000000    0.16666666666667            12
   -0.16666666666667    0.25000000000000    0.16666666666667            12
    0.33333333333333    0.33333333333333    0.16666666666667             6
    0.41666666666667    0.33333333333333    0.16666666666667            12
    0.50000000000000    0.33333333333333    0.16666666666667            12
   -0.41666666666667    0.33333333333333    0.16666666666667            12
   -0.33333333333333    0.33333333333333    0.16666666666667            12
   -0.25000000000000    0.33333333333333    0.16666666666667            12
   -0.16666666666667    0.33333333333333    0.16666666666667            12
    0.41666666666667    0.41666666666667    0.16666666666667             6
    0.50000000000000    0.41666666666667    0.16666666666667            12
   -0.41666666666667    0.41666666666667    0.16666666666667            12
   -0.33333333333333    0.41666666666667    0.16666666666667            12
   -0.25000000000000    0.41666666666667    0.16666666666667            12
   -0.16666666666667    0.41666666666667    0.16666666666667            12
    0.50000000000000    0.50000000000000    0.16666666666667             6
   -0.41666666666667    0.50000000000000    0.16666666666667            12
   -0.33333333333333    0.50000000000000    0.16666666666667            12
   -0.25000000000000    0.50000000000000    0.16666666666667            12
   -0.16666666666667    0.50000000000000    0.16666666666667             6
   -0.41666666666667   -0.41666666666667    0.16666666666667             6
   -0.33333333333333   -0.41666666666667    0.16666666666667            12
   -0.25000000000000   -0.41666666666667    0.16666666666667            12
   -0.33333333333333   -0.33333333333333    0.16666666666667             6
   -0.25000000000000   -0.33333333333333    0.16666666666667            12
   -0.25000000000000   -0.25000000000000    0.16666666666667             6
    0.25000000000000    0.25000000000000    0.25000000000000             2
    0.33333333333333    0.25000000000000    0.25000000000000             6
    0.41666666666667    0.25000000000000    0.25000000000000             6
    0.50000000000000    0.25000000000000    0.25000000000000             6
   -0.41666666666667    0.25000000000000    0.25000000000000             6
   -0.33333333333333    0.25000000000000    0.25000000000000             6
   -0.25000000000000    0.25000000000000    0.25000000000000             6
    0.33333333333333    0.33333333333333    0.25000000000000             6
    0.41666666666667    0.33333333333333    0.25000000000000            12
    0.50000000000000    0.33333333333333    0.25000000000000            12
   -0.41666666666667    0.33333333333333    0.25000000000000            12
   -0.33333333333333    0.33333333333333    0.25000000000000            12
   -0.25000000000000    0.33333333333333    0.25000000000000            12
    0.41666666666667    0.41666666666667    0.25000000000000             6
    0.50000000000000    0.41666666666667    0.25000000000000            12
   -0.41666666666667    0.41666666666667    0.25000000000000            12
   -0.33333333333333    0.41666666666667    0.25000000000000            12
   -0.25000000000000    0.41666666666667    0.25000000000000            12
    0.50000000000000    0.50000000000000    0.25000000000000             6
   -0.41666666666667    0.50000000000000    0.25000000000000            12
   -0.33333333333333    0.50000000000000    0.25000000000000            12
   -0.25000000000000    0.50000000000000    0.25000000000000             6
   -0.41666666666667   -0.41666666666667    0.25000000000000             6
   -0.33333333333333   -0.41666666666667    0.25000000000000            12
   -0.33333333333333   -0.33333333333333    0.25000000000000             6
    0.33333333333333    0.33333333333333    0.33333333333333             2
    0.41666666666667    0.33333333333333    0.33333333333333             6
    0.50000000000000    0.33333333333333    0.33333333333333             6
   -0.41666666666667    0.33333333333333    0.33333333333333             6
   -0.33333333333333    0.33333333333333    0.33333333333333             6
    0.41666666666667    0.41666666666667    0.33333333333333             6
    0.50000000000000    0.41666666666667    0.33333333333333            12
   -0.41666666666667    0.41666666666667    0.33333333333333            12
   -0.33333333333333    0.41666666666667    0.33333333333333            12
    0.50000000000000    0.50000000000000    0.33333333333333             6
   -0.41666666666667    0.50000000000000    0.33333333333333            12
   -0.33333333333333    0.50000000000000    0.33333333333333             6
   -0.41666666666667   -0.41666666666667    0.33333333333333             6
    0.41666666666667    0.41666666666667    0.41666666666667             2
    0.50000000000000    0.41666666666667    0.41666666666667             6
   -0.41666666666667    0.41666666666667    0.41666666666667             6
    0.50000000000000    0.50000000000000    0.41666666666667             6
   -0.41666666666667    0.50000000000000    0.41666666666667             6
    0.50000000000000    0.50000000000000    0.50000000000000             1
Tetrahedra
       864    0.00009645061728
        12         1         2         8        44
        12         2         8         9        45
        12         2         3         9        45
        12         2         8        44        45
        12         3         9        10        46
        12         3         4        10        46
        12         3         9        45        46
        12         4        10        11        47
        12         4         5        11        47
        12         4        10        46        47
        12         5        11        12        48
        12         5         6        12        48
        12         5        11        47        48
        12         6        12        13        49
        12         6         7        13        49
        12         6        12        48        49
        12         7        13        14        50
        12         6         7        14        50
        12         7        13        49        50
        12         6        14        15        51
        12         5         6        15        51
        12         6        14        50        51
        12         5        15        16        52
        12         4         5        16        52
        12         5        15        51        52
        12         4        16        17        53
        12         3         4        17        53
        12         4        16        52        53
        12         3        17        18        54
        12         2         3        18        54
        12         3        17        53        54
        12         2         2         8        18
        12         1         2         2         8
        12         2         8        18        54
        12         8         9        19        55
        12         8         9        45        55
        12         8        44        45        55
        12         9        19        20        56
        12         9        10        20        56
        12         9        10        46        56
        12         9        19        55        56
        12         9        45        55        56
        12         9        45        46        56
        12        10        20        21        57
        12        10        11        21        57
        12        10        11        47        57
        12        10        20        56        57
        12        10        46        56        57
        12        10        46        47        57
        12        11        21        22        58
        12        11        12        22        58
        12        11        12        48        58
        12        11        21        57        58
        12        11        47        57        58
        12        11        47        48        58
        12        12        22        23        59
        12        12        13        23        59
        12        12        13        49        59
        12        12        22        58        59
        12        12        48        58        59
        12        12        48        49        59
        12        13        23        24        60
        12        13        14        24        60
        12        13        14        50        60
        12        13        23        59        60
        12        13        49        59        60
        12        13        49        50        60
        12        14        24        25        61
        12        14        15        25        61
        12        14        15        51        61
        12        14        24        60        61
        12        14        50        60        61
        12        14        50        51        61
        12        15        25        26        62
        12        15        16        26        62
        12        15        16        52        62
        12        15        25        61        62
        12        15        51        61        62
        12        15        51        52        62
        12        16        26        27        63
        12        16        17        27        63
        12        16        17        53        63
        12        16        26        62        63
        12        16        52        62        63
        12        16        52        53        63
        12        17        17        27        64
        12        17        17        18        64
        12        17        18        54        64
        12        17        27        63        64
        12        17        53        63        64
        12        17        53        54        64
        12         3         9        17        18
        12         2         3         9        18
        12         2         8         9        18
        12         9        17        18        64
        12         9        18        54        64
        12         8         9        18        54
        12        19        20        28        65
        12        19        20        56        65
        12        19        55        56        65
        12        20        28        29        66
        12        20        21        29        66
        12        20        21        57        66
        12        20        28        65        66
        12        20        56        65        66
        12        20        56        57        66
        12        21        29        30        67
        12        21        22        30        67
        12        21        22        58        67
        12        21        29        66        67
        12        21        57        66        67
        12        21        57        58        67
        12        22        30        31        68
        12        22        23        31        68
        12        22        23        59        68
        12        22        30        67        68
        12        22        58        67        68
        12        22        58        59        68
        12        23        31        32        69
        12        23        24        32        69
        12        23        24        60        69
        12        23        31        68        69
        12        23        59        68        69
        12        23        59        60        69
        12        24        32        33        70
        12        24        25        33        70
        12        24        25        61        70
        12        24        32        69        70
        12        24        60        69        70
        12        24        60        61        70
        12        25        33        34        71
        12        25        26        34        71
        12        25        26        62        71
        12        25        33        70        71
        12        25        61        70        71
        12        25        61        62        71
        12        26        26        34        72
        12        26        26        27        72
        12        26        27        63        72
        12        26        34        71        72
        12        26        62        71        72
        12        26        62        63        72
        12        16        26        27        73
        12        16        17        27        73
        12        17        27        64        73
        12        26        27        72        73
        12        27        63        72        73
        12        27        63        64        73
        12         4        10        16        17
        12         3         4        10        17
        12         3         9        10        17
        12        10        16        17        73
        12        10        17        64        73
        12         9        10        17        64
        12        28        29        35        74
        12        28        29        66        74
        12        28        65        66        74
        12        29        35        36        75
        12        29        30        36        75
        12        29        30        67        75
        12        29        35        74        75
        12        29        66        74        75
        12        29        66        67        75
        12        30        36        37        76
        12        30        31        37        76
        12        30        31        68        76
        12        30        36        75        76
        12        30        67        75        76
        12        30        67        68        76
        12        31        37        38        77
        12        31        32        38        77
        12        31        32        69        77
        12        31        37        76        77
        12        31        68        76        77
        12        31        68        69        77
        12        32        38        39        78
        12        32        33        39        78
        12        32        33        70        78
        12        32        38        77        78
        12        32        69        77        78
        12        32        69        70        78
        12        33        33        39        79
        12        33        33        34        79
        12        33        34        71        79
        12        33        39        78        79
        12        33        70        78        79
        12        33        70        71        79
        12        25        33        34        80
        12        25        26        34        80
        12        26        34        72        80
        12        33        34        79        80
        12        34        71        79        80
        12        34        71        72        80
        12        15        25        26        81
        12        15        16        26        81
        12        16        26        73        81
        12        25        26        80        81
        12        26        72        80        81
        12        26        72        73        81
        12         5        11        15        16
        12         4         5        11        16
        12         4        10        11        16
        12        11        15        16        81
        12        11        16        73        81
        12        10        11        16        73
        12        35        36        40        82
        12        35        36        75        82
        12        35        74        75        82
        12        36        40        41        83
        12        36        37        41        83
        12        36        37        76        83
        12        36        40        82        83
        12        36        75        82        83
        12        36        75        76        83
        12        37        41        42        84
        12        37        38        42        84
        12        37        38        77        84
        12        37        41        83        84
        12        37        76        83        84
        12        37        76        77        84
        12        38        38        42        85
        12        38        38        39        85
        12        38        39        78        85
        12        38        42        84        85
        12        38        77        84        85
        12        38        77        78        85
        12        32        38        39        86
        12        32        33        39        86
        12        33        39        79        86
        12        38        39        85        86
        12        39        78        85        86
        12        39        78        79        86
        12        24        32        33        87
        12        24        25        33        87
        12        25        33        80        87
        12        32        33        86        87
        12        33        79        86        87
        12        33        79        80        87
        12        14        24        25        88
        12        14        15        25        88
        12        15        25        81        88
        12        24        25        87        88
        12        25        80        87        88
        12        25        80        81        88
        12         6        12        14        15
        12         5         6        12        15
        12         5        11        12        15
        12        12        14        15        88
        12        12        15        81        88
        12        11        12        15        81
        12        40        41        43        89
        12        40        41        83        89
        12        40        82        83        89
        12        41        41        43        90
        12        41        41        42        90
        12        41        42        84        90
        12        41        43        89        90
        12        41        83        89        90
        12        41        83        84        90
        12        37        41        42        91
        12        37        38        42        91
        12        38        42        85        91
        12        41        42        90        91
        12        42        84        90        91
        12        42        84        85        91
        12        31        37        38        92
        12        31        32        38        92
        12        32        38        86        92
        12        37        38        91        92
        12        38        85        91        92
        12        38        85        86        92
        12        23        31        32        93
        12        23        24        32        93
        12        24        32        87        93
        12        31        32        92        93
        12        32        86        92        93
        12        32        86        87        93
        12        13        23        24        94
        12        13        14        24        94
        12        14        24        88        94
        12        23        24        93        94
        12        24        87        93        94
        12        24        87        88        94
        12         7        13        13        14
        12         6         7        13        14
        12         6        12        13        14
        12        13        13        14        94
        12        13        14        88        94
        12        12        13        14        88
        12        40        41        43        95
        12        41        43        90        95
        12        43        89        90        95
        12        36        40        41        96
        12        36        37        41        96
        12        37        41        91        96
        12        40        41        95        96
        12        41        90        95        96
        12        41        90        91        96
        12        30        36        37        97
        12        30        31        37        97
        12        31        37        92        97
        12        36        37        96        97
        12        37        91        96        97
        12        37        91        92        97
        12        22        30        31        98
        12        22        23        31        98
        12        23        31        93        98
        12        30        31        97        98
        12        31        92        97        98
        12        31        92        93        98
        12        12        22        23        88
        12        12        13        23        88
        12        13        23        88        94
        12        22        23        88        98
        12        23        88        93        98
        12        23        88        93        94
        12        35        36        40        99
        12        36        40        96        99
        12        40        95        96        99
        12        29        35        36       100
        12        29        30        36       100
        12        30        36        97       100
        12        35        36        99       100
        12        36        96        99       100
        12        36        96        97       100
        12        21        29        30       101
        12        21        22        30       101
        12        22        30        98       101
        12        29        30       100       101
        12        30        97       100       101
        12        30        97        98       101
        12        11        21        22        81
        12        11        12        22        81
        12        12        22        81        88
        12        21        22        81       101
        12        22        81        98       101
        12        22        81        88        98
        12        28        29        35       102
        12        29        35       100       102
        12        35        99       100       102
        12        20        28        29       103
        12        20        21        29       103
        12        21        29       101       103
        12        28        29       102       103
        12        29       100       102       103
        12        29       100       101       103
        12        10        20        21        73
        12        10        11        21        73
        12        11        21        73        81
        12        20        21        73       103
        12        21        73       101       103
        12        21        73        81       101
        12        19        20        28       104
        12        20        28       103       104
        12        28       102       103       104
        12         9        19        20        64
        12         9        10        20        64
        12        10        20        64        73
        12        19        20        64       104
        12        20        64       103       104
        12        20        64        73       103
        12         8         9        19        54
        12         9        19        54        64
        12        19        54        64       104
        12        44        45        55       105
        12        45        55        56       106
        12        45        46        56       106
        12        45        55       105       106
        12        46        56        57       107
        12        46        47        57       107
        12        46        56       106       107
        12        47        57        58       108
        12        47        48        58       108
        12        47        57       107       108
        12        48        58        59       109
        12        48        49        59       109
        12        48        58       108       109
        12        49        59        60       110
        12        49        50        60       110
        12        49        59       109       110
        12        50        60        61       111
        12        50        51        61       111
        12        50        60       110       111
        12        51        61        62       112
        12        51        52        62       112
        12        51        61       111       112
        12        52        62        63       113
        12        52        53        63       113
        12        52        62       112       113
        12        53        63        64       104
        12        53        54        64       104
        12        53        63       104       113
        12        55        56        65       114
        12        55        56       106       114
        12        55       105       106       114
        12        56        65        66       115
        12        56        57        66       115
        12        56        57       107       115
        12        56        65       114       115
        12        56       106       114       115
        12        56       106       107       115
        12        57        66        67       116
        12        57        58        67       116
        12        57        58       108       116
        12        57        66       115       116
        12        57       107       115       116
        12        57       107       108       116
        12        58        67        68       117
        12        58        59        68       117
        12        58        59       109       117
        12        58        67       116       117
        12        58       108       116       117
        12        58       108       109       117
        12        59        68        69       118
        12        59        60        69       118
        12        59        60       110       118
        12        59        68       117       118
        12        59       109       117       118
        12        59       109       110       118
        12        60        69        70       119
        12        60        61        70       119
        12        60        61       111       119
        12        60        69       118       119
        12        60       110       118       119
        12        60       110       111       119
        12        61        70        71       120
        12        61        62        71       120
        12        61        62       112       120
        12        61        70       119       120
        12        61       111       119       120
        12        61       111       112       120
        12        62        71        72       121
        12        62        63        72       121
        12        62        63       113       121
        12        62        71       120       121
        12        62       112       120       121
        12        62       112       113       121
        12        63        72        73       103
        12        63        64        73       103
        12        63        64       103       104
        12        63        72       103       121
        12        63       103       113       121
        12        63       103       104       113
        12        65        66        74       122
        12        65        66       115       122
        12        65       114       115       122
        12        66        74        75       123
        12        66        67        75       123
        12        66        67       116       123
        12        66        74       122       123
        12        66       115       122       123
        12        66       115       116       123
        12        67        75        76       124
        12        67        68        76       124
        12        67        68       117       124
        12        67        75       123       124
        12        67       116       123       124
        12        67       116       117       124
        12        68        76        77       125
        12        68        69        77       125
        12        68        69       118       125
        12        68        76       124       125
        12        68       117       124       125
        12        68       117       118       125
        12        69        77        78       126
        12        69        70        78       126
        12        69        70       119       126
        12        69        77       125       126
        12        69       118       125       126
        12        69       118       119       126
        12        70        78        79       127
        12        70        71        79       127
        12        70        71       120       127
        12        70        78       126       127
        12        70       119       126       127
        12        70       119       120       127
        12        71        79        80       128
        12        71        72        80       128
        12        71        72       121       128
        12        71        79       127       128
        12        71       120       127       128
        12        71       120       121       128
        12        72        80        81       101
        12        72        73        81       101
        12        72        73       101       103
        12        72        80       101       128
        12        72       101       121       128
        12        72       101       103       121
        12        74        75        82       129
        12        74        75       123       129
        12        74       122       123       129
        12        75        82        83       130
        12        75        76        83       130
        12        75        76       124       130
        12        75        82       129       130
        12        75       123       129       130
        12        75       123       124       130
        12        76        83        84       131
        12        76        77        84       131
        12        76        77       125       131
        12        76        83       130       131
        12        76       124       130       131
        12        76       124       125       131
        12        77        84        85       132
        12        77        78        85       132
        12        77        78       126       132
        12        77        84       131       132
        12        77       125       131       132
        12        77       125       126       132
        12        78        85        86       133
        12        78        79        86       133
        12        78        79       127       133
        12        78        85       132       133
        12        78       126       132       133
        12        78       126       127       133
        12        79        86        87       134
        12        79        80        87       134
        12        79        80       128       134
        12        79        86       133       134
        12        79       127       133       134
        12        79       127       128       134
        12        80        87        88        98
        12        80        81        88        98
        12        80        81        98       101
        12        80        87        98       134
        12        80        98       128       134
        12        80        98       101       128
        12        82        83        89       135
        12        82        83       130       135
        12        82       129       130       135
        12        83        89        90       136
        12        83        84        90       136
        12        83        84       131       136
        12        83        89       135       136
        12        83       130       135       136
        12        83       130       131       136
        12        84        90        91       137
        12        84        85        91       137
        12        84        85       132       137
        12        84        90       136       137
        12        84       131       136       137
        12        84       131       132       137
        12        85        91        92       138
        12        85        86        92       138
        12        85        86       133       138
        12        85        91       137       138
        12        85       132       137       138
        12        85       132       133       138
        12        86        92        93       139
        12        86        87        93       139
        12        86        87       134       139
        12        86        92       138       139
        12        86       133       138       139
        12        86       133       134       139
        12        87        93        93        94
        12        87        88        93        94
        12        87        88        93        98
        12        87        93        93       139
        12        87        93       134       139
        12        87        93        98       134
        12        89        90        95       140
        12        89        90       136       140
        12        89       135       136       140
        12        90        95        96       141
        12        90        91        96       141
        12        90        91       137       141
        12        90        95       140       141
        12        90       136       140       141
        12        90       136       137       141
        12        91        96        97       142
        12        91        92        97       142
        12        91        92       138       142
        12        91        96       141       142
        12        91       137       141       142
        12        91       137       138       142
        12        92        97        98       134
        12        92        93        98       134
        12        92        93       134       139
        12        92        97       134       142
        12        92       134       138       142
        12        92       134       138       139
        12        95        96        99       143
        12        95        96       141       143
        12        95       140       141       143
        12        96        99       100       144
        12        96        97       100       144
        12        96        97       142       144
        12        96        99       143       144
        12        96       141       143       144
        12        96       141       142       144
        12        97       100       101       128
        12        97        98       101       128
        12        97        98       128       134
        12        97       100       128       144
        12        97       128       142       144
        12        97       128       134       142
        12        99       100       102       145
        12        99       100       144       145
        12        99       143       144       145
        12       100       102       103       121
        12       100       101       103       121
        12       100       101       121       128
        12       100       102       121       145
        12       100       121       144       145
        12       100       121       128       144
        12       102       103       104       113
        12       102       103       113       121
        12       102       113       121       145
        12       105       106       114       146
        12       106       114       115       147
        12       106       107       115       147
        12       106       114       146       147
        12       107       115       116       148
        12       107       108       116       148
        12       107       115       147       148
        12       108       116       117       149
        12       108       109       117       149
        12       108       116       148       149
        12       109       117       118       150
        12       109       110       118       150
        12       109       117       149       150
        12       110       118       119       151
        12       110       111       119       151
        12       110       118       150       151
        12       111       119       120       152
        12       111       112       120       152
        12       111       119       151       152
        12       112       120       121       145
        12       112       113       121       145
        12       112       120       145       152
        12       114       115       122       153
        12       114       115       147       153
        12       114       146       147       153
        12       115       122       123       154
        12       115       116       123       154
        12       115       116       148       154
        12       115       122       153       154
        12       115       147       153       154
        12       115       147       148       154
        12       116       123       124       155
        12       116       117       124       155
        12       116       117       149       155
        12       116       123       154       155
        12       116       148       154       155
        12       116       148       149       155
        12       117       124       125       156
        12       117       118       125       156
        12       117       118       150       156
        12       117       124       155       156
        12       117       149       155       156
        12       117       149       150       156
        12       118       125       126       157
        12       118       119       126       157
        12       118       119       151       157
        12       118       125       156       157
        12       118       150       156       157
        12       118       150       151       157
        12       119       126       127       158
        12       119       120       127       158
        12       119       120       152       158
        12       119       126       157       158
        12       119       151       157       158
        12       119       151       152       158
        12       120       127       128       144
        12       120       121       128       144
        12       120       121       144       145
        12       120       127       144       158
        12       120       144       152       158
        12       120       144       145       152
        12       122       123       129       159
        12       122       123       154       159
        12       122       153       154       159
        12       123       129       130       160
        12       123       124       130       160
        12       123       124       155       160
        12       123       129       159       160
        12       123       154       159       160
        12       123       154       155       160
        12       124       130       131       161
        12       124       125       131       161
        12       124       125       156       161
        12       124       130       160       161
        12       124       155       160       161
        12       124       155       156       161
        12       125       131       132       162
        12       125       126       132       162
        12       125       126       157       162
        12       125       131       161       162
        12       125       156       161       162
        12       125       156       157       162
        12       126       132       133       163
        12       126       127       133       163
        12       126       127       158       163
        12       126       132       162       163
        12       126       157       162       163
        12       126       157       158       163
        12       127       133       134       142
        12       127       128       134       142
        12       127       128       142       144
        12       127       133       142       163
        12       127       142       158       163
        12       127       142       144       158
        12       129       130       135       164
        12       129       130       160       164
        12       129       159       160       164
        12       130       135       136       165
        12       130       131       136       165
        12       130       131       161       165
        12       130       135       164       165
        12       130       160       164       165
        12       130       160       161       165
        12       131       136       137       166
        12       131       132       137       166
        12       131       132       162       166
        12       131       136       165       166
        12       131       161       165       166
        12       131       161       162       166
        12       132       137       138       167
        12       132       133       138       167
        12       132       133       163       167
        12       132       137       166       167
        12       132       162       166       167
        12       132       162       163       167
        12       133       138       138       139
        12       133       134       138       139
        12       133       134       138       142
        12       133       138       138       167
        12       133       138       163       167
        12       133       138       142       163
        12       135       136       140       168
        12       135       136       165       168
        12       135       164       165       168
        12       136       140       141       169
        12       136       137       141       169
        12       136       137       166       169
        12       136       140       168       169
        12       136       165       168       169
        12       136       165       166       169
        12       137       141       142       163
        12       137       138       142       163
        12       137       138       163       167
        12       137       141       163       169
        12       137       163       166       169
        12       137       163       166       167
        12       140       141       143       170
        12       140       141       169       170
        12       140       168       169       170
        12       141       143       144       158
        12       141       142       144       158
        12       141       142       158       163
        12       141       143       158       170
        12       141       158       169       170
        12       141       158       163       169
        12       143       144       145       152
        12       143       144       152       158
        12       143       152       158       170
        12       146       147       153       171
        12       147       153       154       172
        12       147       148       154       172
        12       147       153       171       172
        12       148       154       155       173
        12       148       149       155       173
        12       148       154       172       173
        12       149       155       156       174
        12       149       150       156       174
        12       149       155       173       174
        12       150       156       157       175
        12       150       151       157       175
        12       150       156       174       175
        12       151       157       158       170
        12       151       152       158       170
        12       151       157       170       175
        12       153       154       159       176
        12       153       154       172       176
        12       153       171       172       176
        12       154       159       160       177
        12       154       155       160       177
        12       154       155       173       177
        12       154       159       176       177
        12       154       172       176       177
        12       154       172       173       177
        12       155       160       161       178
        12       155       156       161       178
        12       155       156       174       178
        12       155       160       177       178
        12       155       173       177       178
        12       155       173       174       178
        12       156       161       162       179
        12       156       157       162       179
        12       156       157       175       179
        12       156       161       178       179
        12       156       174       178       179
        12       156       174       175       179
        12       157       162       163       169
        12       157       158       163       169
        12       157       158       169       170
        12       157       162       169       179
        12       157       169       175       179
        12       157       169       170       175
        12       159       160       164       180
        12       159       160       177       180
        12       159       176       177       180
        12       160       164       165       181
        12       160       161       165       181
        12       160       161       178       181
        12       160       164       180       181
        12       160       177       180       181
        12       160       177       178       181
        12       161       165       166       182
        12       161       162       166       182
        12       161       162       179       182
        12       161       165       181       182
        12       161       178       181       182
        12       161       178       179       182
        12       162       166       166       167
        12       162       163       166       167
        12       162       163       166       169
        12       162       166       166       182
        12       162       166       179       182
        12       162       166       169       179
        12       164       165       168       183
        12       164       165       181       183
        12       164       180       181       183
        12       165       168       169       179
        12       165       166       169       179
        12       165       166       179       182
        12       165       168       179       183
        12       165       179       181       183
        12       165       179       181       182
        12       168       169       170       175
        12       168       169       175       179
        12       168       175       179       183
        12       171       172       176       184
        12       172       176       177       185
        12       172       173       177       185
        12       172       176       184       185
        12       173       177       178       186
        12       173       174       178       186
        12       173       177       185       186
        12       174       178       179       183
        12       174       175       179       183
        12       174       178       183       186
        12       176       177       180       187
        12       176       177       185       187
        12       176       184       185       187
        12       177       180       181       188
        12       177       178       181       188
        12       177       178       186       188
        12       177       180       187       188
        12       177       185       187       188
        12       177       185       186       188
        12       178       181       181       182
        12       178       179       181       182
        12       178       179       181       183
        12       178       181       181       188
        12       178       181       186       188
        12       178       181       183       186
        12       180       181       183       186
        12       180       181       186       188
        12       180       186       187       188
        12       184       185       187       189
        12       185       187       187       188
        12       185       186       187       188
        12       185       187       187       189
