    1   64    1
 12.011
    1    1  1.0000  0.0000  0.0000
-42.757453   0.000000  -0.000000
  0.160663   0.000000  -0.000000
  0.093006   0.000000  -0.000000
  0.113216   0.000000  -0.000000
  0.093006   0.000000  -0.000000
  0.113216   0.000000  -0.000000
 -0.568621   0.000000  -0.000000
  0.051721   0.000000  -0.000000
 -0.155266  -0.093430   0.023683
  0.081080  -0.102284  -0.212129
  8.865844  -1.875168  -1.875168
 -0.065453  -0.093384  -0.093384
  0.342982  -0.212075  -0.212075
 -0.033220  -0.030843  -0.030843
 -0.155266   0.023683  -0.093430
  0.081080  -0.212129  -0.102284
 -1.371936   0.704046  -0.704046
 -0.056128   0.037415  -0.037415
 -1.371804   0.703755   0.703755
 -0.056160   0.037341   0.037341
 -1.371804  -0.703755  -0.703755
 -0.056160  -0.037341  -0.037341
 -1.371936  -0.704046   0.704046
 -0.056128  -0.037415   0.037415
  8.865844   1.875168   1.875168
 -0.065453   0.093384   0.093384
 -0.155266   0.093430  -0.023683
  0.081080   0.102284   0.212129
 -0.155266  -0.023683   0.093430
  0.081080   0.212129   0.102284
  0.342982   0.212075   0.212075
 -0.033220   0.030843   0.030843
  1.488835  -0.703849   1.546375
  1.488801  -0.703885  -1.546208
  0.082454  -0.037458  -0.075341
  0.082309  -0.037391   0.075468
  1.488835   0.703849  -1.546375
  1.488801   0.703885   1.546208
  0.082454   0.037458   0.075341
  0.082309   0.037391  -0.075468
 -0.155386   0.093488   0.023661
  0.080908   0.102169  -0.212109
  8.865257   1.875022  -1.875022
 -0.065974   0.093427  -0.093427
  0.342985   0.211784  -0.211784
 -0.033237   0.030965  -0.030965
 -0.155386  -0.023661  -0.093488
  0.080908   0.212109  -0.102169
  1.488835  -1.546375   0.703849
  1.488801   1.546208   0.703885
  1.488835   1.546375  -0.703849
  1.488801  -1.546208  -0.703885
  0.082454   0.075341   0.037458
  0.082309  -0.075468   0.037391
  0.082454  -0.075341  -0.037458
  0.082309   0.075468  -0.037391
  8.865257  -1.875022   1.875022
 -0.065974  -0.093427   0.093427
 -0.155386  -0.093488  -0.023661
  0.080908  -0.102169   0.212109
 -0.155386   0.023661   0.093488
  0.080908  -0.212109   0.102169
  0.342985  -0.211784   0.211784
 -0.033237  -0.030965   0.030965
