    1   64    1
 12.011
    1    1  1.0000  0.0000  0.0000
-38.903877  -0.000000   0.000000
  0.147654  -0.000000   0.000000
  0.091053  -0.000000   0.000000
  0.101093  -0.000000   0.000000
  0.091053  -0.000000   0.000000
  0.101093  -0.000000   0.000000
 -0.558115  -0.000000   0.000000
  0.048558  -0.000000   0.000000
 -0.149733  -0.090383   0.013546
  0.072397  -0.089886  -0.198190
  8.076751  -1.186077  -1.186077
 -0.063525  -0.090375  -0.090375
  0.335984  -0.198171  -0.198171
 -0.032138  -0.031088  -0.031088
 -0.149733   0.013546  -0.090383
  0.072397  -0.198190  -0.089886
 -1.313299   0.656203  -0.656203
 -0.049444   0.034427  -0.034427
 -1.313323   0.656065   0.656065
 -0.049536   0.034298   0.034298
 -1.313323  -0.656065  -0.656065
 -0.049536  -0.034298  -0.034298
 -1.313299  -0.656203   0.656203
 -0.049444  -0.034427   0.034427
  8.076751   1.186077   1.186077
 -0.063525   0.090375   0.090375
 -0.149733   0.090383  -0.013546
  0.072397   0.089886   0.198190
 -0.149733  -0.013546   0.090383
  0.072397   0.198190   0.089886
  0.335984   0.198171   0.198171
 -0.032138   0.031088   0.031088
  1.381944  -0.656159   1.431285
  1.381865  -0.656086  -1.431122
  0.078757  -0.034339  -0.077314
  0.078784  -0.034335   0.077373
  1.381944   0.656159  -1.431285
  1.381865   0.656086   1.431122
  0.078757   0.034339   0.077314
  0.078784   0.034335  -0.077373
 -0.149792   0.090446   0.013542
  0.072264   0.089891  -0.198276
  8.076438   1.186027  -1.186027
 -0.063994   0.090389  -0.090389
  0.336159   0.198022  -0.198022
 -0.032300   0.031170  -0.031170
 -0.149792  -0.013542  -0.090446
  0.072264   0.198276  -0.089891
  1.381944  -1.431285   0.656159
  1.381865   1.431122   0.656086
  1.381944   1.431285  -0.656159
  1.381865  -1.431122  -0.656086
  0.078757   0.077314   0.034339
  0.078784  -0.077373   0.034335
  0.078757  -0.077314  -0.034339
  0.078784   0.077373  -0.034335
  8.076438  -1.186027   1.186027
 -0.063994  -0.090389   0.090389
 -0.149792  -0.090446  -0.013542
  0.072264  -0.089891   0.198276
 -0.149792   0.013542   0.090446
  0.072264  -0.198276   0.089891
  0.336159  -0.198022   0.198022
 -0.032300  -0.031170   0.031170
