    1   64    1
 12.011
    1    1  1.0000  0.0000  0.0000
-60.387064  -0.000000   0.000000
  0.216335  -0.000000   0.000000
  0.105540  -0.000000   0.000000
  0.186218  -0.000000   0.000000
  0.105540  -0.000000   0.000000
  0.186218  -0.000000   0.000000
 -0.614828  -0.000000   0.000000
  0.066919  -0.000000   0.000000
 -0.175505  -0.100072   0.062521
  0.112401  -0.155226  -0.272629
 12.479435  -5.319562  -5.319562
 -0.070793  -0.099870  -0.099870
  0.372823  -0.272495  -0.272495
 -0.035313  -0.029781  -0.029781
 -0.175505   0.062521  -0.100072
  0.112401  -0.272629  -0.155226
 -1.621088   0.917096  -0.917096
 -0.087961   0.051077  -0.051077
 -1.620779   0.916940   0.916940
 -0.087816   0.050866   0.050866
 -1.620779  -0.916940  -0.916940
 -0.087816  -0.050866  -0.050866
 -1.621088  -0.917096   0.917096
 -0.087961  -0.051077   0.051077
 12.479435   5.319562   5.319562
 -0.070793   0.099870   0.099870
 -0.175505   0.100072  -0.062521
  0.112401   0.155226   0.272629
 -0.175505  -0.062521   0.100072
  0.112401   0.272629   0.155226
  0.372823   0.272495   0.272495
 -0.035313   0.029781   0.029781
  1.963432  -0.916996   2.062679
  1.963360  -0.917023  -2.062365
  0.098254  -0.051062  -0.068533
  0.098263  -0.051006   0.068575
  1.963432   0.916996  -2.062679
  1.963360   0.917023   2.062365
  0.098254   0.051062   0.068533
  0.098263   0.051006  -0.068575
 -0.175373   0.100146   0.062551
  0.112434   0.155107  -0.272563
 12.478333   5.319421  -5.319421
 -0.071659   0.100127  -0.100127
  0.372962   0.272361  -0.272361
 -0.035117   0.029906  -0.029906
 -0.175373  -0.062551  -0.100146
  0.112434   0.272563  -0.155107
  1.963432  -2.062679   0.916996
  1.963360   2.062365   0.917023
  1.963432   2.062679  -0.916996
  1.963360  -2.062365  -0.917023
  0.098254   0.068533   0.051062
  0.098263  -0.068575   0.051006
  0.098254  -0.068533  -0.051062
  0.098263   0.068575  -0.051006
 12.478333  -5.319421   5.319421
 -0.071659  -0.100127   0.100127
 -0.175373  -0.100146  -0.062551
  0.112434  -0.155107   0.272563
 -0.175373   0.062551   0.100146
  0.112434  -0.272563   0.155107
  0.372962  -0.272361   0.272361
 -0.035117  -0.029906   0.029906
