    1   64    1
 12.011
    1    1  1.0000  0.0000  0.0000
-35.583938  -0.000000   0.000000
  0.134892  -0.000000   0.000000
  0.089451  -0.000000   0.000000
  0.089005  -0.000000   0.000000
  0.089451  -0.000000   0.000000
  0.089005  -0.000000   0.000000
 -0.548951  -0.000000   0.000000
  0.045973  -0.000000   0.000000
 -0.144389  -0.086828   0.004030
  0.065837  -0.079781  -0.185407
  7.396610  -0.616510  -0.616510
 -0.060686  -0.086893  -0.086893
  0.330669  -0.185284  -0.185284
 -0.030767  -0.030896  -0.030896
 -0.144389   0.004030  -0.086828
  0.065837  -0.185407  -0.079781
 -1.260711   0.614493  -0.614493
 -0.044006   0.031667  -0.031667
 -1.260573   0.614414   0.614414
 -0.043838   0.031611   0.031611
 -1.260573  -0.614414  -0.614414
 -0.043838  -0.031611  -0.031611
 -1.260711  -0.614493   0.614493
 -0.044006  -0.031667   0.031667
  7.396610   0.616510   0.616510
 -0.060686   0.086893   0.086893
 -0.144389   0.086828  -0.004030
  0.065837   0.079781   0.185407
 -0.144389  -0.004030   0.086828
  0.065837   0.185407   0.079781
  0.330669   0.185284   0.185284
 -0.030767   0.030896   0.030896
  1.287165  -0.614494   1.329333
  1.286970  -0.614393  -1.329255
  0.075334  -0.031697  -0.078956
  0.075551  -0.031550   0.079046
  1.287165   0.614494  -1.329333
  1.286970   0.614393   1.329255
  0.075334   0.031697   0.078956
  0.075551   0.031550  -0.079046
 -0.144269   0.086956   0.004072
  0.065707   0.079680  -0.185358
  7.396431   0.616473  -0.616473
 -0.061014   0.086949  -0.086949
  0.330854   0.185208  -0.185208
 -0.031224   0.030996  -0.030996
 -0.144269  -0.004072  -0.086956
  0.065707   0.185358  -0.079680
  1.287165  -1.329333   0.614494
  1.286970   1.329255   0.614393
  1.287165   1.329333  -0.614494
  1.286970  -1.329255  -0.614393
  0.075334   0.078956   0.031697
  0.075551  -0.079046   0.031550
  0.075334  -0.078956  -0.031697
  0.075551   0.079046  -0.031550
  7.396431  -0.616473   0.616473
 -0.061014  -0.086949   0.086949
 -0.144269  -0.086956  -0.004072
  0.065707  -0.079680   0.185358
 -0.144269   0.004072   0.086956
  0.065707  -0.185358   0.079680
  0.330854  -0.185208   0.185208
 -0.031224  -0.030996   0.030996
