temperature	helm_energy	Cv
0.0	-8.86290796025	0.0
2.0	-8.86290796025	0.0
4.0	-8.86290796025	9.325e-06
6.0	-8.862907960375	4.91125e-05
8.0	-8.86290796075	0.0001250625
10.0	-8.862907961875	0.000247375
12.0	-8.862907964000001	0.000428725
14.0	-8.862907967500002	0.0006817875
16.0	-8.862907972875	0.0010190625
18.0	-8.862907980875	0.001453075
20.0	-8.862907992125	0.0019965
22.0	-8.862908007500002	0.002662175
24.0	-8.862908027500001	0.003463175
26.0	-8.862908053375001	0.004412875
28.0	-8.862908086125001	0.0055249125
30.0	-8.862908126625001	0.00681335
32.0	-8.862908176375	0.0082925875
34.0	-8.862908236375	0.00997755
36.0	-8.862908308125	0.011883675
38.0	-8.862908393125	0.0140270375
40.0	-8.862908493	0.0164244625
42.0	-8.862908609125	0.0190936
44.0	-8.8629087435	0.0220530875
46.0	-8.862908898	0.0253226375
48.0	-8.862909074500001	0.0289232125
50.0	-8.862909275125	0.0328771375
52.0	-8.862909502	0.03720815
54.0	-8.8629097575	0.04194155
56.0	-8.862910044125002	0.04710415
58.0	-8.862910364375	0.0527243875
60.0	-8.862910721125001	0.058832225
62.0	-8.862911117000001	0.065459075
64.0	-8.862911555125	0.07263775
66.0	-8.862912038625002	0.08040225
68.0	-8.862912570875	0.088787675
70.0	-8.862913155500001	0.0978299625
72.0	-8.862913795875	0.1075657125
74.0	-8.862914496125	0.118032
76.0	-8.862915260125002	0.1292661
78.0	-8.862916092250002	0.1413052875
80.0	-8.86291699675	0.154186625
82.0	-8.8629179785	0.1679467625
84.0	-8.862919042125	0.182621725
86.0	-8.862920192750002	0.1982467625
88.0	-8.8629214355	0.214856125
90.0	-8.862922776000001	0.2324829875
92.0	-8.862924219875001	0.251159275
94.0	-8.862925773	0.2709155875
96.0	-8.862927441375001	0.29178105
98.0	-8.862929231250002	0.3137832875
100.0	-8.862931149375001	0.336948375
102.0	-8.862933202125001	0.3613007125
104.0	-8.86293539675	0.3868630625
106.0	-8.862937740125	0.413656525
108.0	-8.8629402395	0.441700475
110.0	-8.862942902625	0.4710126
112.0	-8.862945737	0.5016088875
114.0	-8.862948750500001	0.53350365
116.0	-8.86295195125	0.5667095375
118.0	-8.862955347500002	0.6012375375
120.0	-8.862958947500001	0.637097025
122.0	-8.862962759875002	0.6742958
124.0	-8.862966793375001	0.712840075
126.0	-8.86297105675	0.7527345375
128.0	-8.862975559125001	0.7939824
130.0	-8.86298030975	0.836585375
132.0	-8.862985317625	0.8805438
134.0	-8.862990592500001	0.9258566
136.0	-8.862996143625	0.97252135
138.0	-8.863001980875001	1.0205343125
140.0	-8.863008113875	1.0698905
142.0	-8.863014552625001	1.1205836625
144.0	-8.863021307	1.172606375
146.0	-8.86302838725	1.2259500375
148.0	-8.863035803250002	1.28060495
150.0	-8.863043565375001	1.336560325
152.0	-8.863051683875002	1.39380435
154.0	-8.863060169250002	1.452324175
156.0	-8.863069031875002	1.5121060375
158.0	-8.863078282125	1.5731352375
160.0	-8.863087930750002	1.6353961625
162.0	-8.863097988125	1.6988724125
164.0	-8.863108465000002	1.7635467375
166.0	-8.863119372000002	1.82940115
168.0	-8.863130719875	1.89641695
170.0	-8.863142519250001	1.9645747375
172.0	-8.863154781	2.0338544625
174.0	-8.863167515625001	2.104235475
176.0	-8.863180734	2.1756965875
178.0	-8.86319444675	2.2482160375
180.0	-8.863208664875001	2.3217716125
182.0	-8.863223398875	2.3963406375
184.0	-8.8632386595	2.471900025
186.0	-8.8632544575	2.5484262875
188.0	-8.863270803625001	2.62589565
190.0	-8.863287708375001	2.704283975
192.0	-8.863305182500001	2.7835668875
194.0	-8.863323236500001	2.8637197875
196.0	-8.863341881	2.9447178375
198.0	-8.863361126375	3.0265360625
200.0	-8.863380983250002	3.1091493375
202.0	-8.863401461875	3.19253245
204.0	-8.86342257275	3.276660075
206.0	-8.863444326125	3.361506875
208.0	-8.863466732125001	3.447047475
210.0	-8.863489801125	3.533256525
212.0	-8.863513543000002	3.6201087125
214.0	-8.863537968000001	3.70757875
216.0	-8.863563085875	3.7956414875
218.0	-8.863588906750001	3.88427185
220.0	-8.863615440250001	3.9734449
222.0	-8.86364269625	4.06313585
224.0	-8.863670684375	4.1533200875
226.0	-8.863699414125001	4.2439732
228.0	-8.863728895000001	4.3350709625
230.0	-8.863759136375	4.4265894125
232.0	-8.863790147625	4.5185047875
234.0	-8.863821937875	4.6107936125
236.0	-8.86385451625	4.7034326625
238.0	-8.863887891875	4.796399025
240.0	-8.863922073625002	4.8896700625
242.0	-8.863957070375001	4.9832234625
244.0	-8.863992890625001	5.0770372
246.0	-8.86402954325	5.1710896375
248.0	-8.86406703675	5.2653594
250.0	-8.864105379500002	5.359825525
252.0	-8.86414457975	5.454467375
254.0	-8.86418464575	5.54926465
256.0	-8.864225585625	5.6441974625
258.0	-8.864267407500002	5.7392462625
260.0	-8.864310119125001	5.8343918875
262.0	-8.864353728375	5.9296155375
264.0	-8.864398242750001	6.0248988125
266.0	-8.864443670125	6.1202236875
268.0	-8.864490017875001	6.2155725125
270.0	-8.864537293125	6.3109280625
272.0	-8.8645855035	6.40627345
274.0	-8.864634655875001	6.5015922
276.0	-8.864684757375	6.5968682375
278.0	-8.864735815000001	6.69208585
280.0	-8.864787835375001	6.7872297375
282.0	-8.864840825500002	6.88228495
284.0	-8.86489479175	6.97723695
286.0	-8.864949740625	7.072071575
288.0	-8.86500567875	7.1667750375
290.0	-8.865062612125001	7.261333925
292.0	-8.865120547125	7.3557351875
294.0	-8.86517948975	7.4499661625
296.0	-8.865239445875002	7.5440145375
298.0	-8.8653004215	7.637868375
300.0	-8.865362422375	7.7315161
302.0	-8.865425454125	7.8249464625
304.0	-8.865489522250002	7.9181485875
306.0	-8.865554632250001	8.011111925
308.0	-8.865620789375	8.1038262875
310.0	-8.865687999	8.1962818
312.0	-8.865756266125	8.2884689375
314.0	-8.865825596	8.380378475
316.0	-8.865895993375	8.4720015375
318.0	-8.865967463125001	8.5633295375
320.0	-8.86604001	8.6543542125
322.0	-8.866113638625	8.7450675875
324.0	-8.866188353750001	8.835462
326.0	-8.8662641595	8.925530075
328.0	-8.866341060500002	9.0152647125
330.0	-8.866419060875002	9.104659125
332.0	-8.86649816475	9.193706775
334.0	-8.866578376375001	9.2824014
336.0	-8.86665969975	9.3707369875
338.0	-8.866742138500001	9.458707825
340.0	-8.86682569675	9.5463084125
342.0	-8.866910378	9.633533525
344.0	-8.866996186000002	9.72037815
346.0	-8.867083124375	9.80683755
348.0	-8.867171196375	9.8929071875
350.0	-8.867260405500001	9.9785827625
352.0	-8.867350755	10.0638602
354.0	-8.867442248125	10.1487356375
356.0	-8.867534888000002	10.2332054125
358.0	-8.867628677750002	10.3172660875
360.0	-8.867723620125	10.4009144125
362.0	-8.86781971825	10.484147325
364.0	-8.86791697475	10.566961975
366.0	-8.8680153925	10.6493556625
368.0	-8.868114974125001	10.7313259125
370.0	-8.868215722125	10.8128703875
372.0	-8.868317639250002	10.8939869375
374.0	-8.868420727625	10.9746735625
376.0	-8.86852498975	11.05492845
378.0	-8.868630427875	11.1347499375
380.0	-8.868737044375	11.2141364875
382.0	-8.86884484125	11.2930867375
384.0	-8.86895382075	11.37159945
386.0	-8.869063984625	11.4496735625
388.0	-8.869175335125	11.5273081125
390.0	-8.869287874000001	11.6045022625
392.0	-8.869401603	11.68125535
394.0	-8.869516524000002	11.757566775
396.0	-8.869632638625001	11.8334361125
398.0	-8.8697499485	11.908863
400.0	-8.869868455250002	11.9838472375
402.0	-8.8699881605	12.0583887125
404.0	-8.870109065500001	12.1324874
406.0	-8.870231171750001	12.2061434
408.0	-8.870354480500001	12.2793569125
410.0	-8.870478993250002	12.3521282
412.0	-8.870604711	12.424457675
414.0	-8.870731635	12.4963457625
416.0	-8.870859766375	12.56779305
418.0	-8.870989106125	12.6388001625
420.0	-8.871119655375	12.7093678
422.0	-8.871251415125	12.779496775
424.0	-8.871384386125001	12.8491879375
426.0	-8.87151856925	12.918442225
428.0	-8.871653965375002	12.9872606625
430.0	-8.871790575375002	13.0556442875
432.0	-8.87192839975	13.1235942625
434.0	-8.872067439375002	13.191111775
436.0	-8.872207694625	13.2581980875
438.0	-8.87234916625	13.3248545
440.0	-8.872491854875001	13.3910823875
442.0	-8.87263576075	13.4568831625
444.0	-8.872780884500001	13.5222583
446.0	-8.872927226375001	13.5872093
448.0	-8.873074786875002	13.65173775
450.0	-8.873223566375001	13.715845225
452.0	-8.873373565000001	13.7795334
454.0	-8.873524783	13.84280395
456.0	-8.873677220625002	13.9056585875
458.0	-8.873830878125	13.9680991
460.0	-8.873985755500001	14.0301272625
462.0	-8.874141852875	14.091744925
464.0	-8.874299170250001	14.152953925
466.0	-8.87445770775	14.2137561625
468.0	-8.874617465375001	14.2741535625
470.0	-8.874778443	14.334148075
472.0	-8.8749406405	14.39374165
474.0	-8.87510405775	14.4529363
476.0	-8.875268694750002	14.5117340375
478.0	-8.875434551125	14.5701369
480.0	-8.875601626875001	14.6281469625
482.0	-8.875769921625	14.685766275
484.0	-8.875939435000001	14.74299695
486.0	-8.876110166875002	14.7998411
488.0	-8.876282116875	14.8563008375
490.0	-8.8764552845	14.912378325
492.0	-8.876629669625	14.9680757125
494.0	-8.8768052715	15.0233951625
496.0	-8.876982089875002	15.0783388375
498.0	-8.877160124375001	15.13290895
500.0	-8.87733937425	15.1871076875
502.0	-8.877519839000001	15.2409372625
504.0	-8.877701518375002	15.294399875
506.0	-8.8778844115	15.34749775
508.0	-8.87806851775	15.400233125
510.0	-8.878253836750002	15.4526082125
512.0	-8.878440367625	15.5046252625
514.0	-8.878628109875	15.5562865
516.0	-8.87881706275	15.6075941875
518.0	-8.8790072255	15.65855055
520.0	-8.879198597375002	15.7091578375
522.0	-8.879391177625001	15.7594183
524.0	-8.879584965500001	15.809334175
526.0	-8.879779960250001	15.858907725
528.0	-8.879976160875001	15.9081411875
530.0	-8.88017356675	15.9570368
532.0	-8.880372176875001	16.0055968125
534.0	-8.8805719905	16.0538234625
536.0	-8.880773006625	16.1017189875
538.0	-8.880975224375002	16.149285625
540.0	-8.881178642875001	16.1965256
542.0	-8.881383261000002	16.2434411375
544.0	-8.881589078000001	16.2900344625
546.0	-8.881796092750001	16.3363077875
548.0	-8.882004304250001	16.382263325
550.0	-8.882213711625	16.4279032625
552.0	-8.882424313625	16.473229825
554.0	-8.882636109500002	16.5182451875
556.0	-8.882849097875	16.56295155
558.0	-8.883063277875001	16.6073510625
560.0	-8.883278648500001	16.651445925
562.0	-8.883495208375	16.695238275
564.0	-8.8837129565	16.7387302875
566.0	-8.883931891875001	16.7819240875
568.0	-8.884152013125	16.8248218375
570.0	-8.884373319375001	16.8674256375
572.0	-8.884595809125	16.9097376375
574.0	-8.884819481500001	16.951759925
576.0	-8.885044335125	16.9934946
578.0	-8.885270368875	17.034943775
580.0	-8.885497581500001	17.0761095125
582.0	-8.885725971875	17.1169938875
584.0	-8.885955538625002	17.1575989625
586.0	-8.8861862805	17.1979268
588.0	-8.88641819625	17.237979425
590.0	-8.88665128475	17.2777588625
592.0	-8.886885544625	17.3172671625
594.0	-8.8871209745	17.3565063
596.0	-8.88735757325	17.3954782875
598.0	-8.8875953395	17.4341851125
600.0	-8.88783427175	17.4726287375
602.0	-8.888074369000002	17.51081115
604.0	-8.88831562975	17.548734275
606.0	-8.888558052625001	17.586400075
608.0	-8.888801636250001	17.623810475
610.0	-8.889046379500002	17.6609673875
612.0	-8.88929228075	17.697872725
614.0	-8.889539338625001	17.7345283625
616.0	-8.889787552000001	17.7709362125
618.0	-8.89003691925	17.8070981375
620.0	-8.890287439125	17.843015975
622.0	-8.890539110125001	17.8786916
624.0	-8.890791930875	17.9141268375
626.0	-8.891045900000002	17.9493235
628.0	-8.891301016000002	17.9842834125
630.0	-8.8915572775	18.019008375
632.0	-8.891814683125	18.053500175
634.0	-8.89207323125	18.087760575
636.0	-8.892332920625002	18.12179135
638.0	-8.89259374975	18.15559425
640.0	-8.892855717125	18.1891710125
642.0	-8.893118821375001	18.2225233625
644.0	-8.893383061000002	18.2556530125
646.0	-8.893648434500001	18.288561675
648.0	-8.893914940375002	18.3212510375
650.0	-8.894182577250001	18.353722775
652.0	-8.8944513435	18.3859785625
654.0	-8.894721237750002	18.41802005
656.0	-8.8949922585	18.449848875
658.0	-8.895264404250002	18.481466675
660.0	-8.895537673500002	18.512875075
662.0	-8.89581206475	18.544075675
664.0	-8.896087576375	18.575070075
666.0	-8.896364207125002	18.60585985
668.0	-8.89664195525	18.636446575
670.0	-8.896920819375001	18.666831825
672.0	-8.897200798	18.697017125
674.0	-8.897481889375001	18.727004025
676.0	-8.89776409225	18.7567940625
678.0	-8.898047405000002	18.786388725
680.0	-8.898331826125	18.8157895375
682.0	-8.898617354	18.844997975
684.0	-8.898903987125001	18.874015525
686.0	-8.899191724125	18.90284365
688.0	-8.89948056325	18.9314838125
690.0	-8.899770503000001	18.9599374625
692.0	-8.900061541875	18.988206025
694.0	-8.900353678375001	19.016290925
696.0	-8.900646910875	19.044193575
698.0	-8.900941238000001	19.0719153875
700.0	-8.901236657875002	19.099457725
702.0	-8.901533169250001	19.1268219875
704.0	-8.9018307705	19.15400955
706.0	-8.902129460000001	19.18102175
708.0	-8.90242923625	19.2078599375
710.0	-8.90273009775	19.2345254625
712.0	-8.903032042875001	19.2610196375
714.0	-8.90333507	19.287343775
716.0	-8.903639177625001	19.3134991875
718.0	-8.903944364375	19.339487175
720.0	-8.904250628375001	19.365309
722.0	-8.904557968250002	19.3909659625
724.0	-8.904866382500002	19.4164593
726.0	-8.9051758695	19.441790275
728.0	-8.905486427500001	19.4669601375
730.0	-8.905798055250001	19.4919701
732.0	-8.906110751000002	19.5168214125
734.0	-8.906424513375	19.5415152625
736.0	-8.906739340500001	19.566052875
738.0	-8.907055231125002	19.590435425
740.0	-8.907372183500001	19.6146641
742.0	-8.907690196125001	19.638740075
744.0	-8.9080092675	19.6626645125
746.0	-8.908329395875	19.686438575
748.0	-8.908650580000002	19.7100634
750.0	-8.908972818	19.733540125
752.0	-8.909296108500001	19.7568698625
754.0	-8.909620449875002	19.7800537625
756.0	-8.909945840625001	19.8030929
758.0	-8.910272279250002	19.8259883875
760.0	-8.910599764	19.8487413125
762.0	-8.910928293375001	19.87135275
764.0	-8.911257865875001	19.8938237875
766.0	-8.91158848	19.916155475
768.0	-8.911920134125001	19.938348875
770.0	-8.912252826625	19.960405025
772.0	-8.912586556125001	19.9823249625
774.0	-8.912921321	20.0041097125
776.0	-8.913257119625001	20.0257603125
778.0	-8.913593950500001	20.04727775
780.0	-8.913931812125002	20.0686630375
782.0	-8.914270702875001	20.0899171875
784.0	-8.91461062125	20.11104115
786.0	-8.914951565625001	20.132035925
788.0	-8.915293534625	20.1529024875
790.0	-8.915636526625	20.1736417875
792.0	-8.915980540000001	20.1942547875
794.0	-8.916325573375001	20.214742425
796.0	-8.916671625000001	20.2351056375
798.0	-8.917018693625002	20.2553453625
800.0	-8.917366777375001	20.2754625125
802.0	-8.917715875	20.2954580125
804.0	-8.918065984875001	20.315332775
806.0	-8.918417105500001	20.335087675
808.0	-8.91876923525	20.354723625
810.0	-8.919122372625	20.3742415125
812.0	-8.91947651625	20.3936422
814.0	-8.919831664375002	20.4129265625
816.0	-8.920187815625	20.432095475
818.0	-8.920544968500002	20.4511497625
820.0	-8.920903121375002	20.4700903125
822.0	-8.921262272875001	20.4889179375
824.0	-8.921622421250001	20.507633475
826.0	-8.92198356525	20.526237775
828.0	-8.92234570325	20.544731625
830.0	-8.92270883375	20.5631158625
832.0	-8.923072955250001	20.5813912875
834.0	-8.923438066125001	20.5995587
836.0	-8.923804165125	20.6176188875
838.0	-8.924171250625001	20.63557265
840.0	-8.924539321000001	20.65342075
842.0	-8.924908375000001	20.671163975
844.0	-8.925278410875	20.6888031
846.0	-8.925649427375001	20.7063388625
848.0	-8.92602142275	20.723772025
850.0	-8.926394395875	20.74110335
852.0	-8.926768344875	20.7583335625
854.0	-8.9271432685	20.7754634
856.0	-8.92751916525	20.7924936
858.0	-8.927896033500001	20.8094248875
860.0	-8.928273872	20.826257975
862.0	-8.928652679125001	20.842993575
864.0	-8.929032453500001	20.8596324
866.0	-8.9294131935	20.8761751375
868.0	-8.929794897875	20.8926224875
870.0	-8.930177565000001	20.9089751375
872.0	-8.930561193375	20.925233775
874.0	-8.930945781750001	20.941399075
876.0	-8.931331328375	20.9574717
878.0	-8.931717832125	20.9734523375
880.0	-8.93210529125	20.989341625
882.0	-8.9324937045	21.005140225
884.0	-8.932883070375	21.0208487875
886.0	-8.933273387500002	21.03646795
888.0	-8.93366465425	21.051998375
890.0	-8.934056869250002	21.067440675
892.0	-8.934450031250002	21.082795475
894.0	-8.9348441385	21.0980634125
896.0	-8.935239189875	21.1132451
898.0	-8.935635183750001	21.12834115
900.0	-8.936032118750001	21.1433521625
902.0	-8.936429993375	21.15827875
904.0	-8.936828806375	21.1731215125
906.0	-8.93722855625	21.1878810375
908.0	-8.937629241500002	21.2025579125
910.0	-8.938030860875001	21.217152725
912.0	-8.938433412875002	21.23166605
914.0	-8.938836896000002	21.2460984625
916.0	-8.939241309000002	21.2604505375
918.0	-8.939646650375002	21.274722825
920.0	-8.94005291875	21.2889158875
922.0	-8.940460112750001	21.3030303
924.0	-8.940868230875001	21.3170665875
926.0	-8.941277271875	21.3310253125
928.0	-8.941687234375001	21.3449070125
930.0	-8.942098116875	21.358712225
932.0	-8.942509918	21.3724414875
934.0	-8.942922636375	21.3860953125
936.0	-8.943336270625	21.3996742375
938.0	-8.943750819500002	21.4131787875
940.0	-8.944166281375	21.4266094625
942.0	-8.944582655125	21.4399667875
944.0	-8.944999939250001	21.453251275
946.0	-8.9454181325	21.4664634
948.0	-8.945837233250002	21.4796036875
950.0	-8.946257240500001	21.492672625
952.0	-8.9466781525	21.5056707125
954.0	-8.94709996825	21.518598425
956.0	-8.94752268625	21.53145625
958.0	-8.947946305125	21.5442446625
960.0	-8.948370823500001	21.5569641375
962.0	-8.948796240125	21.5696151625
964.0	-8.9492225535	21.5821981875
966.0	-8.949649762500002	21.5947136875
968.0	-8.950077865750002	21.607162125
970.0	-8.95050686175	21.61954395
972.0	-8.950936749375002	21.6318596125
974.0	-8.951367527125	21.6441095625
976.0	-8.951799193875	21.65629425
978.0	-8.952231748	21.668414125
980.0	-8.952665188500001	21.6804696125
982.0	-8.953099513875001	21.69246115
984.0	-8.953534722750002	21.7043891875
986.0	-8.953970814000002	21.716254125
988.0	-8.95440778625	21.7280564125
990.0	-8.954845638250001	21.73979645
992.0	-8.955284368500001	21.7514746625
994.0	-8.955723975875001	21.763091475
996.0	-8.956164459	21.7746473
998.0	-8.956605816625	21.786142525
1000.0	-8.9570480475	21.797577575
