    1   64    1
 12.011
    1    1  1.0000  0.0000  0.0000
-36.623103   0.000000   0.000000
  0.139127   0.000000   0.000000
  0.089949   0.000000   0.000000
  0.092990   0.000000   0.000000
  0.089949   0.000000   0.000000
  0.092990   0.000000   0.000000
 -0.551897   0.000000   0.000000
  0.046709   0.000000   0.000000
 -0.146117  -0.088101   0.007195
  0.067602  -0.082900  -0.189512
  7.610250  -0.792996  -0.792996
 -0.061726  -0.088043  -0.088043
  0.332158  -0.189524  -0.189524
 -0.031275  -0.030963  -0.030963
 -0.146117   0.007195  -0.088101
  0.067602  -0.189512  -0.082900
 -1.277544   0.627678  -0.627678
 -0.045608   0.032485  -0.032485
 -1.277665   0.627619   0.627619
 -0.045663   0.032497   0.032497
 -1.277665  -0.627619  -0.627619
 -0.045663  -0.032497  -0.032497
 -1.277544  -0.627678   0.627678
 -0.045608  -0.032485   0.032485
  7.610250   0.792996   0.792996
 -0.061726   0.088043   0.088043
 -0.146117   0.088101  -0.007195
  0.067602   0.082900   0.189512
 -0.146117  -0.007195   0.088101
  0.067602   0.189512   0.082900
  0.332158   0.189524   0.189524
 -0.031275   0.030963   0.030963
  1.317136  -0.627707   1.361738
  1.317080  -0.627613  -1.361628
  0.076433  -0.032695  -0.078501
  0.076521  -0.032472   0.078450
  1.317136   0.627707  -1.361738
  1.317080   0.627613   1.361628
  0.076433   0.032695   0.078501
  0.076521   0.032472  -0.078450
 -0.146216   0.088235   0.007165
  0.067551   0.082847  -0.189563
  7.609914   0.792935  -0.792935
 -0.062054   0.088087  -0.088087
  0.332386   0.189395  -0.189395
 -0.031514   0.031037  -0.031037
 -0.146216  -0.007165  -0.088235
  0.067551   0.189563  -0.082847
  1.317136  -1.361738   0.627707
  1.317080   1.361628   0.627613
  1.317136   1.361738  -0.627707
  1.317080  -1.361628  -0.627613
  0.076433   0.078501   0.032695
  0.076521  -0.078450   0.032472
  0.076433  -0.078501  -0.032695
  0.076521   0.078450  -0.032472
  7.609914  -0.792935   0.792935
 -0.062054  -0.088087   0.088087
 -0.146216  -0.088235  -0.007165
  0.067551  -0.082847   0.189563
 -0.146216   0.007165   0.088235
  0.067551  -0.189563   0.082847
  0.332386  -0.189395   0.189395
 -0.031514  -0.031037   0.031037
