Automatically generated mesh
      84
Reciprocal lattice
    0.00000000000000    0.00000000000000    0.00000000000000             1
    0.08333333333333    0.00000000000000    0.00000000000000             6
    0.16666666666667    0.00000000000000    0.00000000000000             6
    0.25000000000000    0.00000000000000    0.00000000000000             6
    0.33333333333333    0.00000000000000    0.00000000000000             6
    0.41666666666667    0.00000000000000    0.00000000000000             6
    0.50000000000000    0.00000000000000    0.00000000000000             3
    0.08333333333333    0.08333333333333    0.00000000000000            12
    0.16666666666667    0.08333333333333    0.00000000000000            24
    0.25000000000000    0.08333333333333    0.00000000000000            24
    0.33333333333333    0.08333333333333    0.00000000000000            24
    0.41666666666667    0.08333333333333    0.00000000000000            24
    0.50000000000000    0.08333333333333    0.00000000000000            12
    0.16666666666667    0.16666666666667    0.00000000000000            12
    0.25000000000000    0.16666666666667    0.00000000000000            24
    0.33333333333333    0.16666666666667    0.00000000000000            24
    0.41666666666667    0.16666666666667    0.00000000000000            24
    0.50000000000000    0.16666666666667    0.00000000000000            12
    0.25000000000000    0.25000000000000    0.00000000000000            12
    0.33333333333333    0.25000000000000    0.00000000000000            24
    0.41666666666667    0.25000000000000    0.00000000000000            24
    0.50000000000000    0.25000000000000    0.00000000000000            12
    0.33333333333333    0.33333333333333    0.00000000000000            12
    0.41666666666667    0.33333333333333    0.00000000000000            24
    0.50000000000000    0.33333333333333    0.00000000000000            12
    0.41666666666667    0.41666666666667    0.00000000000000            12
    0.50000000000000    0.41666666666667    0.00000000000000            12
    0.50000000000000    0.50000000000000    0.00000000000000             3
    0.08333333333333    0.08333333333333    0.08333333333333             8
    0.16666666666667    0.08333333333333    0.08333333333333            24
    0.25000000000000    0.08333333333333    0.08333333333333            24
    0.33333333333333    0.08333333333333    0.08333333333333            24
    0.41666666666667    0.08333333333333    0.08333333333333            24
    0.50000000000000    0.08333333333333    0.08333333333333            12
    0.16666666666667    0.16666666666667    0.08333333333333            24
    0.25000000000000    0.16666666666667    0.08333333333333            48
    0.33333333333333    0.16666666666667    0.08333333333333            48
    0.41666666666667    0.16666666666667    0.08333333333333            48
    0.50000000000000    0.16666666666667    0.08333333333333            24
    0.25000000000000    0.25000000000000    0.08333333333333            24
    0.33333333333333    0.25000000000000    0.08333333333333            48
    0.41666666666667    0.25000000000000    0.08333333333333            48
    0.50000000000000    0.25000000000000    0.08333333333333            24
    0.33333333333333    0.33333333333333    0.08333333333333            24
    0.41666666666667    0.33333333333333    0.08333333333333            48
    0.50000000000000    0.33333333333333    0.08333333333333            24
    0.41666666666667    0.41666666666667    0.08333333333333            24
    0.50000000000000    0.41666666666667    0.08333333333333            24
    0.50000000000000    0.50000000000000    0.08333333333333             6
    0.16666666666667    0.16666666666667    0.16666666666667             8
    0.25000000000000    0.16666666666667    0.16666666666667            24
    0.33333333333333    0.16666666666667    0.16666666666667            24
    0.41666666666667    0.16666666666667    0.16666666666667            24
    0.50000000000000    0.16666666666667    0.16666666666667            12
    0.25000000000000    0.25000000000000    0.16666666666667            24
    0.33333333333333    0.25000000000000    0.16666666666667            48
    0.41666666666667    0.25000000000000    0.16666666666667            48
    0.50000000000000    0.25000000000000    0.16666666666667            24
    0.33333333333333    0.33333333333333    0.16666666666667            24
    0.41666666666667    0.33333333333333    0.16666666666667            48
    0.50000000000000    0.33333333333333    0.16666666666667            24
    0.41666666666667    0.41666666666667    0.16666666666667            24
    0.50000000000000    0.41666666666667    0.16666666666667            24
    0.50000000000000    0.50000000000000    0.16666666666667             6
    0.25000000000000    0.25000000000000    0.25000000000000             8
    0.33333333333333    0.25000000000000    0.25000000000000            24
    0.41666666666667    0.25000000000000    0.25000000000000            24
    0.50000000000000    0.25000000000000    0.25000000000000            12
    0.33333333333333    0.33333333333333    0.25000000000000            24
    0.41666666666667    0.33333333333333    0.25000000000000            48
    0.50000000000000    0.33333333333333    0.25000000000000            24
    0.41666666666667    0.41666666666667    0.25000000000000            24
    0.50000000000000    0.41666666666667    0.25000000000000            24
    0.50000000000000    0.50000000000000    0.25000000000000             6
    0.33333333333333    0.33333333333333    0.33333333333333             8
    0.41666666666667    0.33333333333333    0.33333333333333            24
    0.50000000000000    0.33333333333333    0.33333333333333            12
    0.41666666666667    0.41666666666667    0.33333333333333            24
    0.50000000000000    0.41666666666667    0.33333333333333            24
    0.50000000000000    0.50000000000000    0.33333333333333             6
    0.41666666666667    0.41666666666667    0.41666666666667             8
    0.50000000000000    0.41666666666667    0.41666666666667            12
    0.50000000000000    0.50000000000000    0.41666666666667             6
    0.50000000000000    0.50000000000000    0.50000000000000             1
Tetrahedra
       854    0.00009645061728
        12         1         2         2         8
        12         2         2         8         8
        12         2         8         8        29
        12         2         3         8         9
        12         2         8         8         9
        12         8         8         9        29
        12         3         8         9         9
        24         8         9         9        30
        24         8         9        29        30
        12         3         4         9        10
        12         3         9         9        10
        12         9         9        10        30
        12         4         9        10        10
        12         9        10        10        31
        12         9        10        30        31
        12         4         5        10        11
        12         4        10        10        11
        12        10        10        11        31
        12         5        10        11        11
        12        10        11        11        32
        12        10        11        31        32
        12         5         6        11        12
        12         5        11        11        12
        12        11        11        12        32
        12         6        11        12        12
        12        11        12        12        33
        12        11        12        32        33
        12         6         7        12        13
        12         6        12        12        13
        12        12        12        13        33
        12         7        12        13        13
        12        12        13        13        34
        12        12        13        33        34
        12         8         9        14        29
        12         9        14        29        30
        12        14        29        30        35
        12         9        10        15        30
        12         9        14        15        30
        12        14        15        30        35
        12        10        15        30        31
        12        15        30        31        36
        12        15        30        35        36
        12        10        11        16        31
        12        10        15        16        31
        12        15        16        31        36
        12        11        16        31        32
        12        16        31        32        37
        12        16        31        36        37
        12        11        12        17        32
        12        11        16        17        32
        12        16        17        32        37
        12        12        17        32        33
        12        17        32        33        38
        12        17        32        37        38
        12        12        13        18        33
        12        12        17        18        33
        12        17        18        33        38
        12        13        18        33        34
        12        18        33        34        39
        12        18        33        38        39
        12        12        13        17        34
        12        13        17        18        34
        12        17        18        34        39
        12        12        17        33        34
        12        17        33        34        38
        12        17        34        38        39
        12        11        12        16        33
        12        12        16        17        33
        12        16        17        33        38
        12        11        16        32        33
        12        16        32        33        37
        12        16        33        37        38
        12        10        11        15        32
        12        11        15        16        32
        12        15        16        32        37
        12        10        15        31        32
        12        15        31        32        36
        12        15        32        36        37
        12         9        10        14        31
        12        10        14        15        31
        12        14        15        31        36
        12         9        14        30        31
        12        14        30        31        35
        12        14        31        35        36
        12         9         9        14        30
        12         9        14        30        35
        12         9        29        30        30
        12         9        30        30        35
        12         2         3         8        29
        12         3         8         9        29
        12         3         9        29        30
        12        14        15        19        35
        12        15        19        35        36
        12        19        35        36        40
        12        15        16        20        36
        12        15        19        20        36
        12        19        20        36        40
        12        16        20        36        37
        12        20        36        37        41
        12        20        36        40        41
        12        16        17        21        37
        12        16        20        21        37
        12        20        21        37        41
        12        17        21        37        38
        12        21        37        38        42
        12        21        37        41        42
        12        17        18        22        38
        12        17        21        22        38
        12        21        22        38        42
        12        18        22        38        39
        12        22        38        39        43
        12        22        38        42        43
        12        17        18        21        39
        12        18        21        22        39
        12        21        22        39        43
        12        17        21        38        39
        12        21        38        39        42
        12        21        39        42        43
        12        16        17        20        38
        12        17        20        21        38
        12        20        21        38        42
        12        16        20        37        38
        12        20        37        38        41
        12        20        38        41        42
        12        15        16        19        37
        12        16        19        20        37
        12        19        20        37        41
        12        15        19        36        37
        12        19        36        37        40
        12        19        37        40        41
        12        14        15        15        36
        12        15        15        19        36
        12        15        19        36        40
        12        14        15        35        36
        12        15        35        36        36
        12        15        36        36        40
        12         9        10        14        35
        12        10        14        15        35
        12        10        15        35        36
        12         9        10        30        35
        12        10        30        31        35
        12        10        31        35        36
        12         3         4         9        30
        12         4         9        10        30
        12         4        10        30        31
        12        19        20        23        40
        12        20        23        40        41
        12        23        40        41        44
        12        20        21        24        41
        12        20        23        24        41
        12        23        24        41        44
        12        21        24        41        42
        12        24        41        42        45
        12        24        41        44        45
        12        21        22        25        42
        12        21        24        25        42
        12        24        25        42        45
        12        22        25        42        43
        12        25        42        43        46
        12        25        42        45        46
        12        21        22        24        43
        12        22        24        25        43
        12        24        25        43        46
        12        21        24        42        43
        12        24        42        43        45
        12        24        43        45        46
        12        20        21        23        42
        12        21        23        24        42
        12        23        24        42        45
        12        20        23        41        42
        12        23        41        42        44
        12        23        42        44        45
        12        19        20        20        41
        12        20        20        23        41
        12        20        23        41        44
        12        19        20        40        41
        12        20        40        41        41
        12        20        41        41        44
        12        15        16        19        40
        12        16        19        20        40
        12        16        20        40        41
        12        15        16        36        40
        12        16        36        37        40
        12        16        37        40        41
        12        10        11        15        36
        12        11        15        16        36
        12        11        16        36        37
        12        10        11        31        36
        12        11        31        32        36
        12        11        32        36        37
        12         4         5        10        31
        12         5        10        11        31
        12         5        11        31        32
        12        23        24        26        44
        12        24        26        44        45
        12        26        44        45        47
        12        24        25        27        45
        12        24        26        27        45
        12        26        27        45        47
        12        25        27        45        46
        12        27        45        46        48
        12        27        45        47        48
        12        24        25        26        46
        12        25        26        27        46
        12        26        27        46        48
        12        24        26        45        46
        12        26        45        46        47
        12        26        46        47        48
        12        23        24        24        45
        12        24        24        26        45
        12        24        26        45        47
        12        23        24        44        45
        12        24        44        45        45
        12        24        45        45        47
        12        20        21        23        44
        12        21        23        24        44
        12        21        24        44        45
        12        20        21        41        44
        12        21        41        42        44
        12        21        42        44        45
        12        16        17        20        41
        12        17        20        21        41
        12        17        21        41        42
        12        16        17        37        41
        12        17        37        38        41
        12        17        38        41        42
        12        11        12        16        37
        12        12        16        17        37
        12        12        17        37        38
        12        11        12        32        37
        12        12        32        33        37
        12        12        33        37        38
        12         5         6        11        32
        12         6        11        12        32
        12         6        12        32        33
        12        26        27        28        47
        12        27        28        47        48
        12        28        47        48        49
        12        26        27        27        48
        12        27        27        28        48
        12        27        28        48        49
        12        26        27        47        48
        12        27        47        48        48
        12        27        48        48        49
        12        24        25        26        47
        12        25        26        27        47
        12        25        27        47        48
        12        24        25        45        47
        12        25        45        46        47
        12        25        46        47        48
        12        21        22        24        45
        12        22        24        25        45
        12        22        25        45        46
        12        21        22        42        45
        12        22        42        43        45
        12        22        43        45        46
        12        17        18        21        42
        12        18        21        22        42
        12        18        22        42        43
        12        17        18        38        42
        12        18        38        39        42
        12        18        39        42        43
        12        12        13        17        38
        12        13        17        18        38
        12        13        18        38        39
        12        12        13        33        38
        12        13        33        34        38
        12        13        34        38        39
        12         6         7        12        33
        12         7        12        13        33
        12         7        13        33        34
        12        26        27        28        49
        12        26        27        48        49
        12        26        47        48        49
        12        24        25        27        48
        12        24        26        27        48
        12        24        26        47        48
        12        24        25        46        48
        12        24        45        46        48
        12        24        45        47        48
        12        21        22        25        46
        12        21        24        25        46
        12        21        24        45        46
        12        21        22        43        46
        12        21        42        43        46
        12        21        42        45        46
        12        17        18        22        43
        12        17        21        22        43
        12        17        21        42        43
        12        17        18        39        43
        12        17        38        39        43
        12        17        38        42        43
        12        12        13        18        39
        12        12        17        18        39
        12        12        17        38        39
        12        12        13        34        39
        12        12        33        34        39
        12        12        33        38        39
        12         6         7        13        34
        12         6        12        13        34
        12         6        12        33        34
        12        23        24        26        47
        12        23        24        45        47
        12        23        44        45        47
        12        20        21        24        45
        12        20        23        24        45
        12        20        23        44        45
        12        20        21        42        45
        12        20        41        42        45
        12        20        41        44        45
        12        16        17        21        42
        12        16        20        21        42
        12        16        20        41        42
        12        16        17        38        42
        12        16        37        38        42
        12        16        37        41        42
        12        11        12        17        38
        12        11        16        17        38
        12        11        16        37        38
        12        11        12        33        38
        12        11        32        33        38
        12        11        32        37        38
        12         5         6        12        33
        12         5        11        12        33
        12         5        11        32        33
        12        19        20        23        44
        12        19        20        41        44
        12        19        40        41        44
        12        15        16        20        41
        12        15        19        20        41
        12        15        19        40        41
        12        15        16        37        41
        12        15        36        37        41
        12        15        36        40        41
        12        10        11        16        37
        12        10        15        16        37
        12        10        15        36        37
        12        10        11        32        37
        12        10        31        32        37
        12        10        31        36        37
        12         4         5        11        32
        12         4        10        11        32
        12         4        10        31        32
        12        14        15        19        40
        12        14        15        36        40
        12        14        35        36        40
        12         9        10        15        36
        12         9        14        15        36
        12         9        14        35        36
        12         9        10        31        36
        12         9        30        31        36
        12         9        30        35        36
        12         3         4        10        31
        12         3         9        10        31
        12         3         9        30        31
        12         8         9        14        35
        12         8         9        30        35
        12         8        29        30        35
        12         2         3         9        30
        12         2         8         9        30
        12         2         8        29        30
        12         1         2         8        29
        12        29        30        30        35
        12        30        30        35        35
        12        30        35        35        50
        12        30        31        35        36
        12        30        35        35        36
        12        35        35        36        50
        12        31        35        36        36
        24        35        36        36        51
        24        35        36        50        51
        12        31        32        36        37
        12        31        36        36        37
        12        36        36        37        51
        12        32        36        37        37
        12        36        37        37        52
        12        36        37        51        52
        12        32        33        37        38
        12        32        37        37        38
        12        37        37        38        52
        12        33        37        38        38
        12        37        38        38        53
        12        37        38        52        53
        12        33        34        38        39
        12        33        38        38        39
        12        38        38        39        53
        12        34        38        39        39
        12        38        39        39        54
        12        38        39        53        54
        12        35        36        40        50
        12        36        40        50        51
        12        40        50        51        55
        12        36        37        41        51
        12        36        40        41        51
        12        40        41        51        55
        12        37        41        51        52
        12        41        51        52        56
        12        41        51        55        56
        12        37        38        42        52
        12        37        41        42        52
        12        41        42        52        56
        12        38        42        52        53
        12        42        52        53        57
        12        42        52        56        57
        12        38        39        43        53
        12        38        42        43        53
        12        42        43        53        57
        12        39        43        53        54
        12        43        53        54        58
        12        43        53        57        58
        12        38        39        42        54
        12        39        42        43        54
        12        42        43        54        58
        12        38        42        53        54
        12        42        53        54        57
        12        42        54        57        58
        12        37        38        41        53
        12        38        41        42        53
        12        41        42        53        57
        12        37        41        52        53
        12        41        52        53        56
        12        41        53        56        57
        12        36        37        40        52
        12        37        40        41        52
        12        40        41        52        56
        12        36        40        51        52
        12        40        51        52        55
        12        40        52        55        56
        12        36        36        40        51
        12        36        40        51        55
        12        36        50        51        51
        12        36        51        51        55
        12        30        31        35        50
        12        31        35        36        50
        12        31        36        50        51
        12        40        41        44        55
        12        41        44        55        56
        12        44        55        56        59
        12        41        42        45        56
        12        41        44        45        56
        12        44        45        56        59
        12        42        45        56        57
        12        45        56        57        60
        12        45        56        59        60
        12        42        43        46        57
        12        42        45        46        57
        12        45        46        57        60
        12        43        46        57        58
        12        46        57        58        61
        12        46        57        60        61
        12        42        43        45        58
        12        43        45        46        58
        12        45        46        58        61
        12        42        45        57        58
        12        45        57        58        60
        12        45        58        60        61
        12        41        42        44        57
        12        42        44        45        57
        12        44        45        57        60
        12        41        44        56        57
        12        44        56        57        59
        12        44        57        59        60
        12        40        41        41        56
        12        41        41        44        56
        12        41        44        56        59
        12        40        41        55        56
        12        41        55        56        56
        12        41        56        56        59
        12        36        37        40        55
        12        37        40        41        55
        12        37        41        55        56
        12        36        37        51        55
        12        37        51        52        55
        12        37        52        55        56
        12        31        32        36        51
        12        32        36        37        51
        12        32        37        51        52
        12        44        45        47        59
        12        45        47        59        60
        12        47        59        60        62
        12        45        46        48        60
        12        45        47        48        60
        12        47        48        60        62
        12        46        48        60        61
        12        48        60        61        63
        12        48        60        62        63
        12        45        46        47        61
        12        46        47        48        61
        12        47        48        61        63
        12        45        47        60        61
        12        47        60        61        62
        12        47        61        62        63
        12        44        45        45        60
        12        45        45        47        60
        12        45        47        60        62
        12        44        45        59        60
        12        45        59        60        60
        12        45        60        60        62
        12        41        42        44        59
        12        42        44        45        59
        12        42        45        59        60
        12        41        42        56        59
        12        42        56        57        59
        12        42        57        59        60
        12        37        38        41        56
        12        38        41        42        56
        12        38        42        56        57
        12        37        38        52        56
        12        38        52        53        56
        12        38        53        56        57
        12        32        33        37        52
        12        33        37        38        52
        12        33        38        52        53
        12        47        48        49        62
        12        48        49        62        63
        12        49        62        63        64
        12        47        48        48        63
        12        48        48        49        63
        12        48        49        63        64
        12        47        48        62        63
        12        48        62        63        63
        12        48        63        63        64
        12        45        46        47        62
        12        46        47        48        62
        12        46        48        62        63
        12        45        46        60        62
        12        46        60        61        62
        12        46        61        62        63
        12        42        43        45        60
        12        43        45        46        60
        12        43        46        60        61
        12        42        43        57        60
        12        43        57        58        60
        12        43        58        60        61
        12        38        39        42        57
        12        39        42        43        57
        12        39        43        57        58
        12        38        39        53        57
        12        39        53        54        57
        12        39        54        57        58
        12        33        34        38        53
        12        34        38        39        53
        12        34        39        53        54
        12        47        48        49        64
        12        47        48        63        64
        12        47        62        63        64
        12        45        46        48        63
        12        45        47        48        63
        12        45        47        62        63
        12        45        46        61        63
        12        45        60        61        63
        12        45        60        62        63
        12        42        43        46        61
        12        42        45        46        61
        12        42        45        60        61
        12        42        43        58        61
        12        42        57        58        61
        12        42        57        60        61
        12        38        39        43        58
        12        38        42        43        58
        12        38        42        57        58
        12        38        39        54        58
        12        38        53        54        58
        12        38        53        57        58
        12        33        34        39        54
        12        33        38        39        54
        12        33        38        53        54
        12        44        45        47        62
        12        44        45        60        62
        12        44        59        60        62
        12        41        42        45        60
        12        41        44        45        60
        12        41        44        59        60
        12        41        42        57        60
        12        41        56        57        60
        12        41        56        59        60
        12        37        38        42        57
        12        37        41        42        57
        12        37        41        56        57
        12        37        38        53        57
        12        37        52        53        57
        12        37        52        56        57
        12        32        33        38        53
        12        32        37        38        53
        12        32        37        52        53
        12        40        41        44        59
        12        40        41        56        59
        12        40        55        56        59
        12        36        37        41        56
        12        36        40        41        56
        12        36        40        55        56
        12        36        37        52        56
        12        36        51        52        56
        12        36        51        55        56
        12        31        32        37        52
        12        31        36        37        52
        12        31        36        51        52
        12        35        36        40        55
        12        35        36        51        55
        12        35        50        51        55
        12        30        31        36        51
        12        30        35        36        51
        12        30        35        50        51
        12        29        30        35        50
        12        50        51        51        55
        12        51        51        55        55
        12        51        55        55        65
        12        51        52        55        56
        12        51        55        55        56
        12        55        55        56        65
        12        52        55        56        56
        24        55        56        56        66
        24        55        56        65        66
        12        52        53        56        57
        12        52        56        56        57
        12        56        56        57        66
        12        53        56        57        57
        12        56        57        57        67
        12        56        57        66        67
        12        53        54        57        58
        12        53        57        57        58
        12        57        57        58        67
        12        54        57        58        58
        12        57        58        58        68
        12        57        58        67        68
        12        55        56        59        65
        12        56        59        65        66
        12        59        65        66        69
        12        56        57        60        66
        12        56        59        60        66
        12        59        60        66        69
        12        57        60        66        67
        12        60        66        67        70
        12        60        66        69        70
        12        57        58        61        67
        12        57        60        61        67
        12        60        61        67        70
        12        58        61        67        68
        12        61        67        68        71
        12        61        67        70        71
        12        57        58        60        68
        12        58        60        61        68
        12        60        61        68        71
        12        57        60        67        68
        12        60        67        68        70
        12        60        68        70        71
        12        56        57        59        67
        12        57        59        60        67
        12        59        60        67        70
        12        56        59        66        67
        12        59        66        67        69
        12        59        67        69        70
        12        56        56        59        66
        12        56        59        66        69
        12        56        65        66        66
        12        56        66        66        69
        12        51        52        55        65
        12        52        55        56        65
        12        52        56        65        66
        12        59        60        62        69
        12        60        62        69        70
        12        62        69        70        72
        12        60        61        63        70
        12        60        62        63        70
        12        62        63        70        72
        12        61        63        70        71
        12        63        70        71        73
        12        63        70        72        73
        12        60        61        62        71
        12        61        62        63        71
        12        62        63        71        73
        12        60        62        70        71
        12        62        70        71        72
        12        62        71        72        73
        12        59        60        60        70
        12        60        60        62        70
        12        60        62        70        72
        12        59        60        69        70
        12        60        69        70        70
        12        60        70        70        72
        12        56        57        59        69
        12        57        59        60        69
        12        57        60        69        70
        12        56        57        66        69
        12        57        66        67        69
        12        57        67        69        70
        12        52        53        56        66
        12        53        56        57        66
        12        53        57        66        67
        12        62        63        64        72
        12        63        64        72        73
        12        64        72        73        74
        12        62        63        63        73
        12        63        63        64        73
        12        63        64        73        74
        12        62        63        72        73
        12        63        72        73        73
        12        63        73        73        74
        12        60        61        62        72
        12        61        62        63        72
        12        61        63        72        73
        12        60        61        70        72
        12        61        70        71        72
        12        61        71        72        73
        12        57        58        60        70
        12        58        60        61        70
        12        58        61        70        71
        12        57        58        67        70
        12        58        67        68        70
        12        58        68        70        71
        12        53        54        57        67
        12        54        57        58        67
        12        54        58        67        68
        12        62        63        64        74
        12        62        63        73        74
        12        62        72        73        74
        12        60        61        63        73
        12        60        62        63        73
        12        60        62        72        73
        12        60        61        71        73
        12        60        70        71        73
        12        60        70        72        73
        12        57        58        61        71
        12        57        60        61        71
        12        57        60        70        71
        12        57        58        68        71
        12        57        67        68        71
        12        57        67        70        71
        12        53        54        58        68
        12        53        57        58        68
        12        53        57        67        68
        12        59        60        62        72
        12        59        60        70        72
        12        59        69        70        72
        12        56        57        60        70
        12        56        59        60        70
        12        56        59        69        70
        12        56        57        67        70
        12        56        66        67        70
        12        56        66        69        70
        12        52        53        57        67
        12        52        56        57        67
        12        52        56        66        67
        12        55        56        59        69
        12        55        56        66        69
        12        55        65        66        69
        12        51        52        56        66
        12        51        55        56        66
        12        51        55        65        66
        12        50        51        55        65
        12        65        66        66        69
        12        66        66        69        69
        12        66        69        69        75
        12        66        67        69        70
        12        66        69        69        70
        12        69        69        70        75
        12        67        69        70        70
        24        69        70        70        76
        24        69        70        75        76
        12        67        68        70        71
        12        67        70        70        71
        12        70        70        71        76
        12        68        70        71        71
        12        70        71        71        77
        12        70        71        76        77
        12        69        70        72        75
        12        70        72        75        76
        12        72        75        76        78
        12        70        71        73        76
        12        70        72        73        76
        12        72        73        76        78
        12        71        73        76        77
        12        73        76        77        79
        12        73        76        78        79
        12        70        71        72        77
        12        71        72        73        77
        12        72        73        77        79
        12        70        72        76        77
        12        72        76        77        78
        12        72        77        78        79
        12        70        70        72        76
        12        70        72        76        78
        12        70        75        76        76
        12        70        76        76        78
        12        66        67        69        75
        12        67        69        70        75
        12        67        70        75        76
        12        72        73        74        78
        12        73        74        78        79
        12        74        78        79        80
        12        72        73        73        79
        12        73        73        74        79
        12        73        74        79        80
        12        72        73        78        79
        12        73        78        79        79
        12        73        79        79        80
        12        70        71        72        78
        12        71        72        73        78
        12        71        73        78        79
        12        70        71        76        78
        12        71        76        77        78
        12        71        77        78        79
        12        67        68        70        76
        12        68        70        71        76
        12        68        71        76        77
        12        72        73        74        80
        12        72        73        79        80
        12        72        78        79        80
        12        70        71        73        79
        12        70        72        73        79
        12        70        72        78        79
        12        70        71        77        79
        12        70        76        77        79
        12        70        76        78        79
        12        67        68        71        77
        12        67        70        71        77
        12        67        70        76        77
        12        69        70        72        78
        12        69        70        76        78
        12        69        75        76        78
        12        66        67        70        76
        12        66        69        70        76
        12        66        69        75        76
        12        65        66        69        75
        12        75        76        76        78
        12        76        76        78        78
        12        76        78        78        81
        12        76        77        78        79
        12        76        78        78        79
        12        78        78        79        81
        12        77        78        79        79
        24        78        79        79        82
        24        78        79        81        82
        12        78        79        80        81
        12        79        80        81        82
        12        80        81        82        83
        12        79        79        80        82
        12        79        80        82        83
        12        79        81        82        82
        12        79        82        82        83
        12        76        77        78        81
        12        77        78        79        81
        12        77        79        81        82
        12        78        79        80        83
        12        78        79        82        83
        12        78        81        82        83
        12        76        77        79        82
        12        76        78        79        82
        12        76        78        81        82
        12        75        76        78        81
        12        81        82        82        83
        12        82        82        83        83
        12        82        83        83        84
        12        81        82        83        84
