    1   64    1
 12.011
    1    1  1.0000  0.0000  0.0000
-42.763484   0.925055   0.915941
  0.160935   0.001021   0.001011
  0.092732   0.001805  -0.000260
  0.113456  -0.005867  -0.001339
  0.092732  -0.000242   0.001808
  0.113456  -0.001397  -0.005854
 -0.567887   0.005375   0.005322
  0.051578   0.001183   0.001171
 -0.149712  -0.085999   0.019750
  0.084546  -0.112601  -0.214644
  8.984736  -2.069235  -2.048848
 -0.077872  -0.098565  -0.097594
  0.327568  -0.213229  -0.211128
 -0.033047  -0.031777  -0.031464
 -0.149712   0.018898  -0.086191
  0.084546  -0.215748  -0.110471
 -1.385107   0.721622  -0.715385
 -0.057639   0.038090  -0.035008
 -1.357649   0.726374   0.719217
 -0.054147   0.040764   0.040362
 -1.357761  -0.656770  -0.650300
 -0.053989  -0.035970  -0.035616
 -1.385107  -0.708205   0.728670
 -0.057639  -0.034629   0.038435
  8.386119   1.320737   1.307725
 -0.065369   0.098084   0.097118
 -0.153441   0.099007  -0.026042
  0.084038   0.094842   0.205143
 -0.153441  -0.025061   0.099260
  0.084038   0.206072   0.092807
  0.350027   0.203632   0.201626
 -0.030817   0.031073   0.030767
  1.469688  -0.685084   1.512128
  1.508786  -0.737043  -1.587719
  0.082490  -0.037399  -0.072935
  0.082603  -0.036055   0.076455
  1.509144   0.692806  -1.589596
  1.469309   0.698010   1.498600
  0.082895   0.036679   0.078041
  0.082237   0.039230  -0.073853
 -0.162375   0.090651   0.017750
  0.064627   0.089177  -0.211578
  9.045835   2.065029  -2.090097
 -0.059736   0.089488  -0.087793
  0.346669   0.212015  -0.220507
 -0.034617   0.029130  -0.031927
 -0.155146  -0.031657  -0.097538
  0.089249   0.214785  -0.114706
  1.509144  -1.582658   0.708511
  1.469309   1.505438   0.683138
  1.469688   1.505271  -0.700022
  1.508786  -1.594939  -0.721287
  0.082895   0.078401   0.035904
  0.082237  -0.073461   0.039959
  0.082490  -0.073302  -0.036675
  0.082603   0.076095  -0.036810
  9.045835  -2.069549   2.085622
 -0.059736  -0.086903   0.090353
 -0.155146  -0.097846  -0.030690
  0.089249  -0.112574   0.215910
 -0.162375   0.018646   0.090471
  0.064627  -0.210685   0.091268
  0.346669  -0.218397   0.214188
 -0.034617  -0.031637   0.029444
