    1   64    1
 12.011
    1    1  1.0000  0.0000  0.0000
-46.810590  -0.000000   0.000000
  0.173624  -0.000000   0.000000
  0.095223  -0.000000   0.000000
  0.126831  -0.000000   0.000000
  0.095223  -0.000000   0.000000
  0.126831  -0.000000   0.000000
 -0.579501  -0.000000   0.000000
  0.054855  -0.000000   0.000000
 -0.160510  -0.095627   0.033534
  0.090000  -0.115447  -0.226081
  9.694993  -2.627215  -2.627215
 -0.066738  -0.095599  -0.095599
  0.350248  -0.225940  -0.225940
 -0.034012  -0.030744  -0.030744
 -0.160510   0.033534  -0.095627
  0.090000  -0.226081  -0.115447
 -1.431407   0.753429  -0.753429
 -0.063032   0.040517  -0.040517
 -1.431294   0.753374   0.753374
 -0.063105   0.040415   0.040415
 -1.431294  -0.753374  -0.753374
 -0.063105  -0.040415  -0.040415
 -1.431407  -0.753429   0.753429
 -0.063032  -0.040517   0.040517
  9.694993   2.627215   2.627215
 -0.066738   0.095599   0.095599
 -0.160510   0.095627  -0.033534
  0.090000   0.115447   0.226081
 -0.160510  -0.033534   0.095627
  0.090000   0.226081   0.115447
  0.350248   0.225940   0.225940
 -0.034012   0.030744   0.030744
  1.599403  -0.753283   1.665639
  1.599328  -0.753265  -1.665472
  0.086065  -0.040484  -0.073552
  0.086124  -0.040446   0.073596
  1.599403   0.753283  -1.665639
  1.599328   0.753265   1.665472
  0.086065   0.040484   0.073552
  0.086124   0.040446  -0.073596
 -0.160514   0.095783   0.033480
  0.089870   0.115449  -0.226041
  9.694328   2.627167  -2.627167
 -0.067229   0.095586  -0.095586
  0.350323   0.225850  -0.225850
 -0.033858   0.030782  -0.030782
 -0.160514  -0.033480  -0.095783
  0.089870   0.226041  -0.115449
  1.599403  -1.665639   0.753283
  1.599328   1.665472   0.753265
  1.599403   1.665639  -0.753283
  1.599328  -1.665472  -0.753265
  0.086065   0.073552   0.040484
  0.086124  -0.073596   0.040446
  0.086065  -0.073552  -0.040484
  0.086124   0.073596  -0.040446
  9.694328  -2.627167   2.627167
 -0.067229  -0.095586   0.095586
 -0.160514  -0.095783  -0.033480
  0.089870  -0.115449   0.226041
 -0.160514   0.033480   0.095783
  0.089870  -0.226041   0.115449
  0.350323  -0.225850   0.225850
 -0.033858  -0.030782   0.030782
