    1   64    2
 12.011
    1    1  1.0000  0.0000  0.0000
-34.188907  -0.000000  -0.000000
  0.132325  -0.000000  -0.000000
  0.082859  -0.000000  -0.000000
  0.067227  -0.000000  -0.000000
  0.070096  -0.000000  -0.000000
  0.092337  -0.000000  -0.000000
 -0.521497  -0.000000  -0.000000
  0.042804  -0.000000  -0.000000
 -0.136615  -0.092624   0.011014
  0.031262  -0.037764  -0.179320
  7.070828  -0.546961  -0.455861
 -0.072890  -0.092816  -0.096323
  0.311032  -0.191337  -0.175635
 -0.028427  -0.033619  -0.029435
 -0.129042  -0.013410  -0.065491
  0.077326  -0.191435  -0.099446
 -1.218548   0.582334  -0.626170
 -0.034955   0.033085  -0.030304
 -1.218440   0.582302   0.626101
 -0.035155   0.033009   0.030399
 -1.218440  -0.582302  -0.626101
 -0.035155  -0.033009  -0.030399
 -1.218548  -0.582334   0.626170
 -0.034955  -0.033085   0.030304
  7.070828   0.546961   0.455861
 -0.072890   0.092816   0.096323
 -0.136615   0.092624  -0.011014
  0.031262   0.037764   0.179320
 -0.129042   0.013410   0.065491
  0.077326   0.191435   0.099446
  0.311032   0.191337   0.175635
 -0.028427   0.033619   0.029435
  1.348656  -0.582342   1.382161
  1.348459  -0.582399  -1.382190
  0.073275  -0.033021  -0.075923
  0.073440  -0.032949   0.076007
  1.348656   0.582342  -1.382161
  1.348459   0.582399   1.382190
  0.073275   0.033021   0.075923
  0.073440   0.032949  -0.076007
 -0.136561   0.092746   0.011077
  0.030983   0.037715  -0.179341
  7.070771   0.547003  -0.456036
 -0.073241   0.092813  -0.096047
  0.310822   0.191513  -0.175583
 -0.028653   0.033725  -0.029609
 -0.129511   0.013499  -0.065638
  0.076974   0.191710  -0.099354
  1.188090  -1.171893   0.597277
  1.188357   1.171847   0.597095
  1.188090   1.171893  -0.597277
  1.188357  -1.171847  -0.597095
  0.076676   0.083154   0.028095
  0.076465  -0.083172   0.027875
  0.076676  -0.083154  -0.028095
  0.076465   0.083172  -0.027875
  7.070771  -0.547003   0.456036
 -0.073241  -0.092813   0.096047
 -0.136561  -0.092746  -0.011077
  0.030983  -0.037715   0.179341
 -0.129511  -0.013499   0.065638
  0.076974  -0.191710   0.099354
  0.310822  -0.191513   0.175583
 -0.028653  -0.033725   0.029609
    1    2  0.0000  0.0000  1.0000
 -0.000000   0.000000 -35.966940
 -0.000000   0.000000   0.111370
 -0.000000   0.000000   0.111370
 -0.000000   0.000000  -0.586823
 -0.000000   0.000000   0.122230
 -0.000000   0.000000   0.099231
 -0.000000   0.000000   0.099231
 -0.000000   0.000000   0.048473
  0.011012   0.096207  -0.156102
 -0.179183   0.179183   0.365734
 -0.455962   0.455962   7.517164
 -0.096207  -0.011012  -0.156102
 -0.175623   0.099474   0.088199
 -0.029714   0.029714  -0.033926
 -0.065488   0.065488  -0.030291
 -0.099474   0.175623   0.088199
  0.626268  -1.382067   1.266137
  0.030271   0.075778   0.071416
 -0.626268   1.382067   1.266137
 -0.030271  -0.075778   0.071416
  0.626242   1.382412   1.265957
  0.030373  -0.076135   0.071283
 -0.626242  -1.382412   1.265957
 -0.030373   0.076135   0.071283
  0.455681   0.455681   7.517399
  0.096530  -0.010853  -0.156247
 -0.010853   0.096530  -0.156247
  0.179292   0.179292   0.365985
  0.065357   0.065357  -0.029735
  0.099573   0.175809   0.088165
  0.175809   0.099573   0.088165
  0.029330   0.029330  -0.033849
  1.382067  -0.626268   1.266137
 -1.382067   0.626268   1.266137
 -0.075778  -0.030271   0.071416
  0.075778   0.030271   0.071416
 -1.382412  -0.626242   1.265957
  1.382412   0.626242   1.265957
  0.076135  -0.030373   0.071283
 -0.076135   0.030373   0.071283
  0.010853  -0.096530  -0.156247
 -0.179292  -0.179292   0.365985
 -0.455681  -0.455681   7.517399
 -0.096530   0.010853  -0.156247
 -0.175809  -0.099573   0.088165
 -0.029330  -0.029330  -0.033849
 -0.065357  -0.065357  -0.029735
 -0.099573  -0.175809   0.088165
 -0.597241   0.597241  -1.313442
 -0.597222  -0.597222  -1.313146
  0.597222   0.597222  -1.313146
  0.597241  -0.597241  -1.313442
 -0.028115   0.028115  -0.054451
 -0.028164  -0.028164  -0.054129
  0.028164   0.028164  -0.054129
  0.028115  -0.028115  -0.054451
  0.455962  -0.455962   7.517164
  0.096207   0.011012  -0.156102
 -0.011012  -0.096207  -0.156102
  0.179183  -0.179183   0.365734
  0.065488  -0.065488  -0.030291
  0.099474  -0.175623   0.088199
  0.175623  -0.099474   0.088199
  0.029714  -0.029714  -0.033926
