    1   64    1
 12.011
    1    1  1.0000  0.0000  0.0000
-42.792973  -2.965900  -3.059093
  0.162058  -0.002093  -0.002158
  0.092709  -0.004114  -0.000114
  0.114226   0.017763   0.002756
  0.092709   0.000014  -0.004116
  0.114226   0.002205   0.017840
 -0.562892  -0.018217  -0.018790
  0.052385  -0.003159  -0.003258
 -0.171231  -0.115103   0.034569
  0.068766  -0.073752  -0.202127
  8.445020  -1.311843  -1.353063
 -0.023569  -0.072507  -0.074786
  0.385576  -0.205554  -0.212013
 -0.035707  -0.029234  -0.030153
 -0.171231   0.038112  -0.113979
  0.068766  -0.199749  -0.079968
 -1.335350   0.645323  -0.668915
 -0.048816   0.037121  -0.042451
 -1.395034   0.615652   0.634996
 -0.057649   0.029025   0.029937
 -1.395017  -0.840440  -0.866848
 -0.058057  -0.038960  -0.040184
 -1.335350  -0.688554   0.624326
 -0.048816  -0.043579   0.035791
 10.345507   3.812259   3.932046
 -0.066200   0.080682   0.083217
 -0.157754   0.077786  -0.015916
  0.060802   0.122117   0.231256
 -0.157754  -0.018314   0.077257
  0.060802   0.227368   0.129210
  0.305110   0.234792   0.242169
 -0.040014   0.029999   0.030942
  1.554442  -0.752022   1.657670
  1.428117  -0.605538  -1.427812
  0.083315  -0.034814  -0.082263
  0.082936  -0.039753   0.073094
  1.428158   0.728344  -1.423782
  1.554366   0.704131   1.702661
  0.082851   0.041230   0.065382
  0.083375   0.033445  -0.080343
 -0.132346   0.101825   0.042326
  0.125546   0.135733  -0.209328
  8.331151   1.279985  -1.276379
 -0.085059   0.102998  -0.109329
  0.334498   0.211368  -0.185178
 -0.029423   0.036276  -0.027975
 -0.155448   0.005952  -0.076534
  0.055897   0.203248  -0.067878
  1.428158  -1.445627   0.683961
  1.554366   1.680069   0.756454
  1.554442   1.680135  -0.700394
  1.428117  -1.408401  -0.649408
  0.082851   0.064075   0.043233
  0.083375  -0.081339   0.030944
  0.083315  -0.081146  -0.037341
  0.082936   0.074288  -0.037474
  8.331151  -1.315355   1.239897
 -0.085059  -0.112462   0.099568
 -0.155448  -0.076681   0.003582
  0.055897  -0.074131   0.201051
 -0.132346   0.039157   0.103086
  0.125546  -0.213426   0.129194
  0.334498  -0.191626   0.205540
 -0.029423  -0.029084   0.035393
