    1   64    1
 12.011
    1    1  1.0000  0.0000  0.0000
-34.514407   0.000000  -0.000000
  0.130668   0.000000  -0.000000
  0.089105   0.000000  -0.000000
  0.084613   0.000000  -0.000000
  0.089105   0.000000  -0.000000
  0.084613   0.000000  -0.000000
 -0.546084   0.000000  -0.000000
  0.045075   0.000000  -0.000000
 -0.142364  -0.085478   0.000974
  0.063794  -0.076743  -0.180971
  7.177251  -0.438305  -0.438305
 -0.059236  -0.085496  -0.085496
  0.329152  -0.180939  -0.180939
 -0.030519  -0.030870  -0.030870
 -0.142364   0.000974  -0.085478
  0.063794  -0.180971  -0.076743
 -1.243226   0.600900  -0.600900
 -0.041974   0.030781  -0.030781
 -1.243180   0.600888   0.600888
 -0.041979   0.030753   0.030753
 -1.243180  -0.600888  -0.600888
 -0.041979  -0.030753  -0.030753
 -1.243226  -0.600900   0.600900
 -0.041974  -0.030781   0.030781
  7.177251   0.438305   0.438305
 -0.059236   0.085496   0.085496
 -0.142364   0.085478  -0.000974
  0.063794   0.076743   0.180971
 -0.142364  -0.000974   0.085478
  0.063794   0.180971   0.076743
  0.329152   0.180939   0.180939
 -0.030519   0.030870   0.030870
  1.255748  -0.600868   1.295768
  1.255702  -0.600811  -1.295755
  0.074394  -0.030893  -0.079607
  0.074410  -0.030749   0.079563
  1.255748   0.600868  -1.295768
  1.255702   0.600811   1.295755
  0.074394   0.030893   0.079607
  0.074410   0.030749  -0.079563
 -0.142422   0.085590   0.000897
  0.063849   0.076590  -0.180989
  7.176936   0.438406  -0.438406
 -0.059555   0.085533  -0.085533
  0.329348   0.180900  -0.180900
 -0.030586   0.030873  -0.030873
 -0.142422  -0.000897  -0.085590
  0.063849   0.180989  -0.076590
  1.255748  -1.295768   0.600868
  1.255702   1.295755   0.600811
  1.255748   1.295768  -0.600868
  1.255702  -1.295755  -0.600811
  0.074394   0.079607   0.030893
  0.074410  -0.079563   0.030749
  0.074394  -0.079607  -0.030893
  0.074410   0.079563  -0.030749
  7.176936  -0.438406   0.438406
 -0.059555  -0.085533   0.085533
 -0.142422  -0.085590  -0.000897
  0.063849  -0.076590   0.180989
 -0.142422   0.000897   0.085590
  0.063849  -0.180989   0.076590
  0.329348  -0.180900   0.180900
 -0.030586  -0.030873   0.030873
