    1   64    1
 12.011
    1    1  1.0000  0.0000  0.0000
-45.518380   0.000000  -0.000000
  0.169553   0.000000  -0.000000
  0.094611   0.000000  -0.000000
  0.122211   0.000000  -0.000000
  0.094611   0.000000  -0.000000
  0.122211   0.000000  -0.000000
 -0.576127   0.000000  -0.000000
  0.054061   0.000000  -0.000000
 -0.159098  -0.095124   0.030528
  0.087336  -0.111301  -0.221577
  9.431126  -2.384854  -2.384854
 -0.066327  -0.094985  -0.094985
  0.347835  -0.221539  -0.221539
 -0.033701  -0.030729  -0.030729
 -0.159098   0.030528  -0.095124
  0.087336  -0.221577  -0.111301
 -1.412640   0.737777  -0.737777
 -0.060739   0.039531  -0.039531
 -1.412441   0.737702   0.737702
 -0.060737   0.039409   0.039409
 -1.412441  -0.737702  -0.737702
 -0.060737  -0.039409  -0.039409
 -1.412640  -0.737777   0.737777
 -0.060739  -0.039531   0.039531
  9.431126   2.384854   2.384854
 -0.066327   0.094985   0.094985
 -0.159098   0.095124  -0.030528
  0.087336   0.111301   0.221577
 -0.159098  -0.030528   0.095124
  0.087336   0.221577   0.111301
  0.347835   0.221539   0.221539
 -0.033701   0.030729   0.030729
  1.564226  -0.737788   1.627658
  1.564238  -0.737623  -1.627594
  0.084859  -0.039476  -0.074177
  0.084842  -0.039593   0.074101
  1.564226   0.737788  -1.627658
  1.564238   0.737623   1.627594
  0.084859   0.039476   0.074177
  0.084842   0.039593  -0.074101
 -0.159029   0.095135   0.030529
  0.087011   0.111166  -0.221687
  9.430386   2.384721  -2.384721
 -0.067068   0.095094  -0.095094
  0.347959   0.221437  -0.221437
 -0.033797   0.030728  -0.030728
 -0.159029  -0.030529  -0.095135
  0.087011   0.221687  -0.111166
  1.564226  -1.627658   0.737788
  1.564238   1.627594   0.737623
  1.564226   1.627658  -0.737788
  1.564238  -1.627594  -0.737623
  0.084859   0.074177   0.039476
  0.084842  -0.074101   0.039593
  0.084859  -0.074177  -0.039476
  0.084842   0.074101  -0.039593
  9.430386  -2.384721   2.384721
 -0.067068  -0.095094   0.095094
 -0.159029  -0.095135  -0.030529
  0.087011  -0.111166   0.221687
 -0.159029   0.030529   0.095135
  0.087011  -0.221687   0.111166
  0.347959  -0.221437   0.221437
 -0.033797  -0.030728   0.030728
