    1   64    2
 12.011
    1    1  1.0000  0.0000  0.0000
-53.219215   0.000000  -0.000000
  0.180056   0.000000  -0.000000
  0.099418   0.000000  -0.000000
  0.181165   0.000000  -0.000000
  0.124965   0.000000  -0.000000
  0.144652   0.000000  -0.000000
 -0.598790   0.000000  -0.000000
  0.060363   0.000000  -0.000000
 -0.174102  -0.081870   0.031386
  0.152784  -0.198388  -0.249711
 10.959352  -3.557212  -3.864033
 -0.039551  -0.081825  -0.072264
  0.370491  -0.239210  -0.250446
 -0.033169  -0.024346  -0.032935
 -0.180147   0.082122  -0.132730
  0.087147  -0.239211  -0.103510
 -1.539157   0.868287  -0.773344
 -0.084477   0.040093  -0.044370
 -1.539224   0.868213   0.773273
 -0.084480   0.039977   0.044482
 -1.539224  -0.868213  -0.773273
 -0.084480  -0.039977  -0.044482
 -1.539157  -0.868287   0.773344
 -0.084477  -0.040093   0.044370
 10.959352   3.557212   3.864033
 -0.039551   0.081825   0.072264
 -0.174102   0.081870  -0.031386
  0.152784   0.198388   0.249711
 -0.180147  -0.082122   0.132730
  0.087147   0.239211   0.103510
  0.370491   0.239210   0.250446
 -0.033169   0.024346   0.032935
  1.652812  -0.868452   1.731063
  1.652710  -0.868305  -1.731063
  0.092130  -0.039980  -0.075863
  0.092123  -0.040016   0.075810
  1.652812   0.868452  -1.731063
  1.652710   0.868305   1.731063
  0.092130   0.039980   0.075863
  0.092123   0.040016  -0.075810
 -0.173929   0.081988   0.031330
  0.152694   0.198324  -0.249892
 10.959069   3.557208  -3.864013
 -0.039877   0.081891  -0.072203
  0.370776   0.239250  -0.250336
 -0.033192   0.024460  -0.032991
 -0.180421  -0.082190  -0.132619
  0.086930   0.239147  -0.103554
  1.911706  -2.095608   0.816491
  1.911730   2.095606   0.816543
  1.911706   2.095608  -0.816491
  1.911730  -2.095606  -0.816543
  0.081461   0.057316   0.047972
  0.081504  -0.057510   0.047903
  0.081461  -0.057316  -0.047972
  0.081504   0.057510  -0.047903
 10.959069  -3.557208   3.864013
 -0.039877  -0.081891   0.072203
 -0.173929  -0.081988  -0.031330
  0.152694  -0.198324   0.249892
 -0.180421   0.082190   0.132619
  0.086930  -0.239147   0.103554
  0.370776  -0.239250   0.250336
 -0.033192  -0.024460   0.032991
    1    2  0.0000  0.0000  1.0000
  0.000000  -0.000000 -51.520811
  0.000000  -0.000000   0.067507
  0.000000  -0.000000   0.067507
  0.000000  -0.000000  -0.566651
  0.000000  -0.000000   0.204488
  0.000000  -0.000000   0.131795
  0.000000  -0.000000   0.131795
  0.000000  -0.000000   0.055058
  0.031217   0.072323  -0.135884
 -0.249705   0.249705   0.337913
 -3.863903   3.863903  10.683370
 -0.072323  -0.031217  -0.135884
 -0.250432   0.103532   0.065822
 -0.032752   0.032752  -0.033664
 -0.132698   0.132698  -0.121055
 -0.103532   0.250432   0.065822
  0.773441  -1.730970   1.732397
  0.044515   0.075791   0.095378
 -0.773441   1.730970   1.732397
 -0.044515  -0.075791   0.095378
  0.773384   1.730968   1.732406
  0.044475  -0.075835   0.095322
 -0.773384  -1.730968   1.732406
 -0.044475   0.075835   0.095322
  3.863825   3.863825  10.683416
  0.072169  -0.031096  -0.135692
 -0.031096   0.072169  -0.135692
  0.249764   0.249764   0.337787
  0.132709   0.132709  -0.120831
  0.103599   0.250483   0.065936
  0.250483   0.103599   0.065936
  0.032964   0.032964  -0.033559
  1.730970  -0.773441   1.732397
 -1.730970   0.773441   1.732397
 -0.075791  -0.044515   0.095378
  0.075791   0.044515   0.095378
 -1.730968  -0.773384   1.732406
  1.730968   0.773384   1.732406
  0.075835  -0.044475   0.095322
 -0.075835   0.044475   0.095322
  0.031096  -0.072169  -0.135692
 -0.249764  -0.249764   0.337787
 -3.863825  -3.863825  10.683416
 -0.072169   0.031096  -0.135692
 -0.250483  -0.103599   0.065936
 -0.032964  -0.032964  -0.033559
 -0.132709  -0.132709  -0.120831
 -0.103599  -0.250483   0.065936
 -0.816417   0.816417  -1.477719
 -0.816421  -0.816421  -1.477916
  0.816421   0.816421  -1.477916
  0.816417  -0.816417  -1.477719
 -0.048030   0.048030  -0.047128
 -0.048022  -0.048022  -0.047325
  0.048022   0.048022  -0.047325
  0.048030  -0.048030  -0.047128
  3.863903  -3.863903  10.683370
  0.072323   0.031217  -0.135884
 -0.031217  -0.072323  -0.135884
  0.249705  -0.249705   0.337913
  0.132698  -0.132698  -0.121055
  0.103532  -0.250432   0.065822
  0.250432  -0.103532   0.065822
  0.032752  -0.032752  -0.033664
