    1   64    1
 12.011
    1    1  1.0000  0.0000  0.0000
-55.113684   0.000000   0.000000
  0.199189   0.000000   0.000000
  0.101261   0.000000   0.000000
  0.160702   0.000000   0.000000
  0.101261   0.000000   0.000000
  0.160702   0.000000   0.000000
 -0.601405   0.000000   0.000000
  0.061819   0.000000   0.000000
 -0.170037  -0.098747   0.051963
  0.105045  -0.141187  -0.254495
 11.395922  -4.245343  -4.245343
 -0.068975  -0.098576  -0.098576
  0.364241  -0.254425  -0.254425
 -0.034350  -0.030007  -0.030007
 -0.170037   0.051963  -0.098747
  0.105045  -0.254495  -0.141187
 -1.548561   0.853566  -0.853566
 -0.078175   0.046941  -0.046941
 -1.548386   0.853441   0.853441
 -0.078152   0.046728   0.046728
 -1.548386  -0.853441  -0.853441
 -0.078152  -0.046728  -0.046728
 -1.548561  -0.853566   0.853566
 -0.078175  -0.046941   0.046941
 11.395922   4.245343   4.245343
 -0.068975   0.098576   0.098576
 -0.170037   0.098747  -0.051963
  0.105045   0.141187   0.254495
 -0.170037  -0.051963   0.098747
  0.105045   0.254495   0.141187
  0.364241   0.254425   0.254425
 -0.034350   0.030007   0.030007
  1.823038  -0.853526   1.908929
  1.822969  -0.853419  -1.908622
  0.093628  -0.046899  -0.070438
  0.093468  -0.046881   0.070419
  1.823038   0.853526  -1.908929
  1.822969   0.853419   1.908622
  0.093628   0.046899   0.070438
  0.093468   0.046881  -0.070419
 -0.170012   0.098832   0.051865
  0.104924   0.140972  -0.254429
 11.395354   4.245241  -4.245241
 -0.069855   0.098829  -0.098829
  0.364423   0.254235  -0.254235
 -0.034452   0.030082  -0.030082
 -0.170012  -0.051865  -0.098832
  0.104924   0.254429  -0.140972
  1.823038  -1.908929   0.853526
  1.822969   1.908622   0.853419
  1.823038   1.908929  -0.853526
  1.822969  -1.908622  -0.853419
  0.093628   0.070438   0.046899
  0.093468  -0.070419   0.046881
  0.093628  -0.070438  -0.046899
  0.093468   0.070419  -0.046881
 11.395354  -4.245241   4.245241
 -0.069855  -0.098829   0.098829
 -0.170012  -0.098832  -0.051865
  0.104924  -0.140972   0.254429
 -0.170012   0.051865   0.098832
  0.104924  -0.254429   0.140972
  0.364423  -0.254235   0.254235
 -0.034452  -0.030082   0.030082
