    1   64    1
 12.011
    1    1  1.0000  0.0000  0.0000
-58.804824   0.000000   0.000000
  0.211049   0.000000   0.000000
  0.104195   0.000000   0.000000
  0.178335   0.000000   0.000000
  0.104195   0.000000   0.000000
  0.178335   0.000000   0.000000
 -0.610684   0.000000   0.000000
  0.065426   0.000000   0.000000
 -0.174015  -0.099744   0.059541
  0.110444  -0.151267  -0.267129
 12.153852  -4.993804  -4.993804
 -0.070212  -0.099587  -0.099587
  0.370172  -0.266989  -0.266989
 -0.034912  -0.029785  -0.029785
 -0.174015   0.059541  -0.099744
  0.110444  -0.267129  -0.151267
 -1.599289   0.898013  -0.898013
 -0.085097   0.049792  -0.049792
 -1.599195   0.897922   0.897922
 -0.085084   0.049624   0.049624
 -1.599195  -0.897922  -0.897922
 -0.085084  -0.049624  -0.049624
 -1.599289  -0.898013   0.898013
 -0.085097  -0.049792   0.049792
 12.153852   4.993804   4.993804
 -0.070212   0.099587   0.099587
 -0.174015   0.099744  -0.059541
  0.110444   0.151267   0.267129
 -0.174015  -0.059541   0.099744
  0.110444   0.267129   0.151267
  0.370172   0.266989   0.266989
 -0.034912   0.029785   0.029785
  1.921526  -0.898008   2.016555
  1.921515  -0.897998  -2.016333
  0.096816  -0.049925  -0.069125
  0.096791  -0.049815   0.069186
  1.921526   0.898008  -2.016555
  1.921515   0.897998   2.016333
  0.096816   0.049925   0.069125
  0.096791   0.049815  -0.069186
 -0.173855   0.099844   0.059384
  0.110275   0.150976  -0.266950
 12.153055   4.993864  -4.993864
 -0.071205   0.099805  -0.099805
  0.370536   0.266862  -0.266862
 -0.034629   0.029730  -0.029730
 -0.173855  -0.059384  -0.099844
  0.110275   0.266950  -0.150976
  1.921526  -2.016555   0.898008
  1.921515   2.016333   0.897998
  1.921526   2.016555  -0.898008
  1.921515  -2.016333  -0.897998
  0.096816   0.069125   0.049925
  0.096791  -0.069186   0.049815
  0.096816  -0.069125  -0.049925
  0.096791   0.069186  -0.049815
 12.153055  -4.993864   4.993864
 -0.071205  -0.099805   0.099805
 -0.173855  -0.099844  -0.059384
  0.110275  -0.150976   0.266950
 -0.173855   0.059384   0.099844
  0.110275  -0.266950   0.150976
  0.370536  -0.266862   0.266862
 -0.034629  -0.029730   0.029730
