    1   64    1
 12.011
    1    1  1.0000  0.0000  0.0000
-48.487927  -0.000000  -0.000000
  0.178852  -0.000000  -0.000000
  0.096491  -0.000000  -0.000000
  0.132858  -0.000000  -0.000000
  0.096491  -0.000000  -0.000000
  0.132858  -0.000000  -0.000000
 -0.583853  -0.000000  -0.000000
  0.056413  -0.000000  -0.000000
 -0.162687  -0.096529   0.037493
  0.093413  -0.120795  -0.231734
 10.038689  -2.946674  -2.946674
 -0.067071  -0.096308  -0.096308
  0.353281  -0.231734  -0.231734
 -0.034130  -0.030425  -0.030425
 -0.162687   0.037493  -0.096529
  0.093413  -0.231734  -0.120795
 -1.455456   0.773716  -0.773716
 -0.065991   0.041757  -0.041757
 -1.455239   0.773695   0.773695
 -0.065960   0.041793   0.041793
 -1.455239  -0.773695  -0.773695
 -0.065960  -0.041793  -0.041793
 -1.455456  -0.773716   0.773716
 -0.065991  -0.041757   0.041757
 10.038689   2.946674   2.946674
 -0.067071   0.096308   0.096308
 -0.162687   0.096529  -0.037493
  0.093413   0.120795   0.231734
 -0.162687  -0.037493   0.096529
  0.093413   0.231734   0.120795
  0.353281   0.231734   0.231734
 -0.034130   0.030425   0.030425
  1.644612  -0.773645   1.714681
  1.644673  -0.773667  -1.714661
  0.087629  -0.041841  -0.072878
  0.087504  -0.041798   0.072822
  1.644612   0.773645  -1.714681
  1.644673   0.773667   1.714661
  0.087629   0.041841   0.072878
  0.087504   0.041798  -0.072822
 -0.162573   0.096422   0.037426
  0.093228   0.120688  -0.231837
 10.037961   2.946339  -2.946339
 -0.067833   0.096418  -0.096418
  0.353104   0.231674  -0.231674
 -0.034045   0.030587  -0.030587
 -0.162573  -0.037426  -0.096422
  0.093228   0.231837  -0.120688
  1.644612  -1.714681   0.773645
  1.644673   1.714661   0.773667
  1.644612   1.714681  -0.773645
  1.644673  -1.714661  -0.773667
  0.087629   0.072878   0.041841
  0.087504  -0.072822   0.041798
  0.087629  -0.072878  -0.041841
  0.087504   0.072822  -0.041798
 10.037961  -2.946339   2.946339
 -0.067833  -0.096418   0.096418
 -0.162573  -0.096422  -0.037426
  0.093228  -0.120688   0.231837
 -0.162573   0.037426   0.096422
  0.093228  -0.231837   0.120688
  0.353104  -0.231674   0.231674
 -0.034045  -0.030587   0.030587
