    1   64    1
 12.011
    1    1  1.0000  0.0000  0.0000
-42.773358  -1.942451  -1.982506
  0.161626  -0.001550  -0.001582
  0.092816  -0.002738  -0.000263
  0.113717   0.011484   0.002244
  0.092816  -0.000207  -0.002742
  0.113717   0.002009   0.011527
 -0.566091  -0.011607  -0.011847
  0.051974  -0.002185  -0.002230
 -0.166161  -0.107893   0.031226
  0.072764  -0.082982  -0.205702
  8.594945  -1.496631  -1.527492
 -0.038676  -0.080400  -0.082058
  0.371916  -0.207990  -0.212278
 -0.034597  -0.029621  -0.030232
 -0.166161   0.033421  -0.107233
  0.072764  -0.203966  -0.087163
 -1.347335   0.665611  -0.680679
 -0.051606   0.036991  -0.041093
 -1.390807   0.648856   0.662235
 -0.057930   0.031708   0.032362
 -1.390710  -0.795761  -0.812171
 -0.058121  -0.038866  -0.039667
 -1.347335  -0.694121   0.651581
 -0.051606  -0.041840   0.036145
  9.846410   3.118180   3.182479
 -0.066553   0.084773   0.086521
 -0.157493   0.082895  -0.018795
  0.069282   0.115980   0.225158
 -0.157493  -0.020483   0.082494
  0.069282   0.222744   0.120551
  0.320725   0.227662   0.232357
 -0.037734   0.030236   0.030860
  1.531271  -0.737333   1.618578
  1.448543  -0.638247  -1.466439
  0.082970  -0.036053  -0.079976
  0.082406  -0.039281   0.073565
  1.448587   0.721508  -1.463583
  1.531307   0.707239   1.648145
  0.082552   0.039667   0.068875
  0.083065   0.034593  -0.078604
 -0.140242   0.098937   0.035874
  0.111754   0.125693  -0.210679
  8.508250   1.483152  -1.468465
 -0.078330   0.100137  -0.104127
  0.336978   0.211590  -0.194424
 -0.030551   0.034597  -0.028965
 -0.155180  -0.004846  -0.082860
  0.064126   0.206153  -0.078966
  1.448587  -1.478003   0.691489
  1.531307   1.633369   0.740727
  1.531271   1.633288  -0.704148
  1.448543  -1.453108  -0.668042
  0.082552   0.068051   0.041064
  0.083065  -0.079293   0.032982
  0.082970  -0.079224  -0.037678
  0.082406   0.074351  -0.037772
  8.508250  -1.498427   1.452875
 -0.078330  -0.106149   0.097991
 -0.155180  -0.082744  -0.006536
  0.064126  -0.083157   0.204499
 -0.140242   0.033847   0.099649
  0.111754  -0.213200   0.121367
  0.336978  -0.198701   0.207579
 -0.030551  -0.029665   0.033999
