    1   64    2
 12.011
    1    1  1.0000  0.0000  0.0000
-37.407391   0.000000  -0.000000
  0.144999   0.000000  -0.000000
  0.087121   0.000000  -0.000000
  0.086784   0.000000  -0.000000
  0.078510   0.000000  -0.000000
  0.099964   0.000000  -0.000000
 -0.541231   0.000000  -0.000000
  0.046253   0.000000  -0.000000
 -0.144088  -0.094188   0.016422
  0.047465  -0.059517  -0.192550
  7.752939  -1.038259  -0.964748
 -0.072658  -0.094474  -0.096816
  0.323587  -0.199485  -0.190091
 -0.030745  -0.032854  -0.030059
 -0.139542  -0.000777  -0.075528
  0.078045  -0.199187  -0.100494
 -1.278037   0.626439  -0.657415
 -0.042572   0.034882  -0.033082
 -1.278014   0.626317   0.657570
 -0.042615   0.034897   0.033109
 -1.278014  -0.626317  -0.657570
 -0.042615  -0.034897  -0.033109
 -1.278037  -0.626439   0.657415
 -0.042572  -0.034882   0.033082
  7.752939   1.038259   0.964748
 -0.072658   0.094474   0.096816
 -0.144088   0.094188  -0.016422
  0.047465   0.059517   0.192550
 -0.139542   0.000777   0.075528
  0.078045   0.199187   0.100494
  0.323587   0.199485   0.190091
 -0.030745   0.032854   0.030059
  1.402875  -0.626566   1.446063
  1.402774  -0.626442  -1.446115
  0.076702  -0.034849  -0.075442
  0.076734  -0.034674   0.075653
  1.402875   0.626566  -1.446063
  1.402774   0.626442   1.446115
  0.076702   0.034849   0.075442
  0.076734   0.034674  -0.075653
 -0.144119   0.094360   0.016451
  0.047522   0.059639  -0.192264
  7.752915   1.038564  -0.964698
 -0.072713   0.094329  -0.096772
  0.323600   0.199355  -0.190197
 -0.030981   0.033170  -0.030288
 -0.139978   0.000793  -0.075606
  0.077681   0.199425  -0.100537
  1.298495  -1.307202   0.638907
  1.298464   1.306884   0.638944
  1.298495   1.307202  -0.638907
  1.298464  -1.306884  -0.638944
  0.079425   0.081165   0.031538
  0.079334  -0.081098   0.031522
  0.079425  -0.081165  -0.031538
  0.079334   0.081098  -0.031522
  7.752915  -1.038564   0.964698
 -0.072713  -0.094329   0.096772
 -0.144119  -0.094360  -0.016451
  0.047522  -0.059639   0.192264
 -0.139978  -0.000793   0.075606
  0.077681  -0.199425   0.100537
  0.323600  -0.199355   0.190197
 -0.030981  -0.033170   0.030288
    1    2  0.0000  0.0000  1.0000
 -0.000000  -0.000000 -38.474025
 -0.000000  -0.000000   0.104470
 -0.000000  -0.000000   0.104470
 -0.000000  -0.000000  -0.577983
 -0.000000  -0.000000   0.136442
 -0.000000  -0.000000   0.104644
 -0.000000  -0.000000   0.104644
 -0.000000  -0.000000   0.049184
  0.016364   0.096691  -0.157655
 -0.192321   0.192321   0.354902
 -0.964646   0.964646   8.008055
 -0.096691  -0.016364  -0.157655
 -0.190174   0.100677   0.085735
 -0.030049   0.030049  -0.033546
 -0.075410   0.075410  -0.042363
 -0.100677   0.190174   0.085735
  0.657608  -1.446075   1.353136
  0.033078   0.075511   0.075646
 -0.657608   1.446075   1.353136
 -0.033078  -0.075511   0.075646
  0.657448   1.446158   1.353086
  0.033111  -0.075493   0.075610
 -0.657448  -1.446158   1.353086
 -0.033111   0.075493   0.075610
  0.964743   0.964743   8.007960
  0.096824  -0.016326  -0.157620
 -0.016326   0.096824  -0.157620
  0.192370   0.192370   0.354737
  0.075378   0.075378  -0.042445
  0.100653   0.190333   0.085798
  0.190333   0.100653   0.085798
  0.030180   0.030180  -0.033519
  1.446075  -0.657608   1.353136
 -1.446075   0.657608   1.353136
 -0.075511  -0.033078   0.075646
  0.075511   0.033078   0.075646
 -1.446158  -0.657448   1.353086
  1.446158   0.657448   1.353086
  0.075493  -0.033111   0.075610
 -0.075493   0.033111   0.075610
  0.016326  -0.096824  -0.157620
 -0.192370  -0.192370   0.354737
 -0.964743  -0.964743   8.007960
 -0.096824   0.016326  -0.157620
 -0.190333  -0.100653   0.085798
 -0.030180  -0.030180  -0.033519
 -0.075378  -0.075378  -0.042445
 -0.100653  -0.190333   0.085798
 -0.638741   0.638741  -1.332672
 -0.638706  -0.638706  -1.332911
  0.638706   0.638706  -1.332911
  0.638741  -0.638741  -1.332672
 -0.031773   0.031773  -0.055729
 -0.031852  -0.031852  -0.055862
  0.031852   0.031852  -0.055862
  0.031773  -0.031773  -0.055729
  0.964646  -0.964646   8.008055
  0.096691   0.016364  -0.157655
 -0.016364  -0.096691  -0.157655
  0.192321  -0.192321   0.354902
  0.075410  -0.075410  -0.042363
  0.100677  -0.190174   0.085735
  0.190174  -0.100677   0.085735
  0.030049  -0.030049  -0.033546
