    1   64    1
 12.011
    1    1  1.0000  0.0000  0.0000
-41.352360  -0.000000  -0.000000
  0.156167  -0.000000  -0.000000
  0.092324  -0.000000  -0.000000
  0.108899  -0.000000  -0.000000
  0.092324  -0.000000  -0.000000
  0.108899  -0.000000  -0.000000
 -0.564821  -0.000000  -0.000000
  0.050468  -0.000000  -0.000000
 -0.153427  -0.092447   0.020135
  0.077859  -0.097779  -0.207062
  8.577995  -1.620583  -1.620583
 -0.064988  -0.092401  -0.092401
  0.340298  -0.206994  -0.206994
 -0.032973  -0.031043  -0.031043
 -0.153427   0.020135  -0.092447
  0.077859  -0.207062  -0.097779
 -1.350874   0.686565  -0.686565
 -0.053671   0.036321  -0.036321
 -1.350797   0.686489   0.686489
 -0.053653   0.036248   0.036248
 -1.350797  -0.686489  -0.686489
 -0.053653  -0.036248  -0.036248
 -1.350874  -0.686565   0.686565
 -0.053671  -0.036321   0.036321
  8.577995   1.620583   1.620583
 -0.064988   0.092401   0.092401
 -0.153427   0.092447  -0.020135
  0.077859   0.097779   0.207062
 -0.153427  -0.020135   0.092447
  0.077859   0.207062   0.097779
  0.340298   0.206994   0.206994
 -0.032973   0.031043   0.031043
  1.450134  -0.686557   1.504625
  1.450125  -0.686612  -1.504438
  0.081132  -0.036274  -0.076156
  0.081063  -0.036263   0.076160
  1.450134   0.686557  -1.504625
  1.450125   0.686612   1.504438
  0.081132   0.036274   0.076156
  0.081063   0.036263  -0.076160
 -0.153367   0.092447   0.019996
  0.077831   0.097730  -0.207040
  8.577758   1.620542  -1.620542
 -0.065365   0.092376  -0.092376
  0.340446   0.206913  -0.206913
 -0.032823   0.031083  -0.031083
 -0.153367  -0.019996  -0.092447
  0.077831   0.207040  -0.097730
  1.450134  -1.504625   0.686557
  1.450125   1.504438   0.686612
  1.450134   1.504625  -0.686557
  1.450125  -1.504438  -0.686612
  0.081132   0.076156   0.036274
  0.081063  -0.076160   0.036263
  0.081132  -0.076156  -0.036274
  0.081063   0.076160  -0.036263
  8.577758  -1.620542   1.620542
 -0.065365  -0.092376   0.092376
 -0.153367  -0.092447  -0.019996
  0.077831  -0.097730   0.207040
 -0.153367   0.019996   0.092447
  0.077831  -0.207040   0.097730
  0.340446  -0.206913   0.206913
 -0.032823  -0.031083   0.031083
