temperature	helm_energy	Cv
0.0	-8.9189171905	0.0
2.0	-8.9189171905	0.0
4.0	-8.9189171905	7.2125e-06
6.0	-8.918917190625	4.01125e-05
8.0	-8.918917191	0.0001031375
10.0	-8.918917191875	0.000204425
12.0	-8.918917193625	0.0003544875
14.0	-8.9189171965	0.0005638125
16.0	-8.918917201	0.000842775
18.0	-8.918917207625	0.0012017625
20.0	-8.918917216875	0.00165125
22.0	-8.9189172295	0.0022018875
24.0	-8.918917246125	0.0028645
26.0	-8.9189172675	0.00365015
28.0	-8.9189172945	0.00457015
30.0	-8.918917328	0.0056360875
32.0	-8.918917369125	0.0068599125
34.0	-8.91891741875	0.00825395
36.0	-8.918917478125	0.0098309375
38.0	-8.9189175485	0.01160415
40.0	-8.918917631	0.0135874375
42.0	-8.918917727125	0.0157953125
44.0	-8.91891783825	0.0182430875
46.0	-8.918917966	0.0209469625
48.0	-8.918918112	0.0239241375
50.0	-8.918918277875	0.0271929
52.0	-8.918918465625	0.0307727625
54.0	-8.918918677	0.0346845
56.0	-8.918918914	0.0389502125
58.0	-8.918919178874999	0.043593375
60.0	-8.918919473875	0.0486387625
62.0	-8.918919801374999	0.0541124875
64.0	-8.918920163625	0.060041875
66.0	-8.9189205635	0.066455375
68.0	-8.918921003625	0.0733824375
70.0	-8.918921487	0.08085335
72.0	-8.9189220165	0.0888990375
74.0	-8.9189225955	0.0975509375
76.0	-8.91892322725	0.1068407625
78.0	-8.918923915125	0.1168003125
80.0	-8.918924663	0.1274612875
82.0	-8.918925474625	0.138855075
84.0	-8.918926353875	0.1510126
86.0	-8.91892730525	0.16396415
88.0	-8.91892833275	0.1777392
90.0	-8.918929441125	0.1923663
92.0	-8.918930635	0.2078729375
94.0	-8.91893191925	0.22428545
96.0	-8.918933298875	0.2416289
98.0	-8.918934779375	0.2599270625
100.0	-8.918936365875	0.2792023125
102.0	-8.918938064125	0.299475625
104.0	-8.918939879749999	0.32076655
106.0	-8.91894181875	0.34309315
108.0	-8.918943887375	0.366472075
110.0	-8.918946091625	0.3909185125
112.0	-8.918948438	0.4164462125
114.0	-8.91895093325	0.4430675375
116.0	-8.918953583875	0.470793475
118.0	-8.918956396875	0.4996336375
120.0	-8.91895937925	0.529596375
122.0	-8.91896253825	0.56068875
124.0	-8.918965881	0.5929166125
126.0	-8.918969415	0.626284625
128.0	-8.918973148	0.6607963125
130.0	-8.918977087375	0.6964541
132.0	-8.918981241	0.7332593625
134.0	-8.918985617	0.7712124625
136.0	-8.918990223125	0.8103128
138.0	-8.9189950675	0.850558825
140.0	-8.9190001585	0.8919480875
142.0	-8.919005504375	0.9344773
144.0	-8.9190111135	0.9781423125
146.0	-8.91901699425	1.0229382
148.0	-8.919023155375	1.06885925
150.0	-8.919029605375	1.11589905
152.0	-8.919036352875	1.164050425
154.0	-8.91904340675	1.2133055625
156.0	-8.91905077575	1.263655975
158.0	-8.91905846875	1.3150925125
160.0	-8.91906649475	1.3676054625
162.0	-8.919074862625	1.4211845
164.0	-8.9190835815	1.4758187125
166.0	-8.91909266025	1.5314966625
168.0	-8.919102108	1.5882064
170.0	-8.919111934	1.6459354375
172.0	-8.919122147125	1.7046708125
174.0	-8.919132756875	1.7643991125
176.0	-8.919143772125	1.8251064625
178.0	-8.919155202125	1.88677855
180.0	-8.91916705625	1.949400675
182.0	-8.9191793435	2.01295775
184.0	-8.919192073125	2.077434275
186.0	-8.9192052545	2.1428144625
188.0	-8.9192188965	2.209082125
190.0	-8.919233008625	2.2762208125
192.0	-8.9192476	2.34421375
194.0	-8.91926267975	2.4130439125
196.0	-8.919278256875	2.4826939875
198.0	-8.919294340875	2.55314645
200.0	-8.919310940499999	2.624383525
202.0	-8.919328065125	2.696387275
204.0	-8.919345723625	2.76913955
206.0	-8.919363925	2.84262205
208.0	-8.9193826785	2.9168163125
210.0	-8.919401992875	2.9917037625
212.0	-8.919421877	3.0672657125
214.0	-8.91944234	3.1434833875
216.0	-8.919463390375	3.2203379125
218.0	-8.91948503725	3.2978103875
220.0	-8.91950728925	3.37588185
222.0	-8.919530154875	3.4545333
224.0	-8.919553643124999	3.5337457625
226.0	-8.91957776225	3.6135002375
228.0	-8.919602521	3.693777775
230.0	-8.91962792775	3.774559425
232.0	-8.919653991	3.855826325
234.0	-8.919680719	3.93755965
236.0	-8.919708120125	4.0197406625
238.0	-8.9197362025	4.102350725
240.0	-8.91976497425	4.1853712875
242.0	-8.91979444375	4.268783925
244.0	-8.919824618749999	4.352570325
246.0	-8.91985550725	4.43671235
248.0	-8.919887117125	4.5211919625
250.0	-8.91991945625	4.605991325
252.0	-8.919952532375	4.6910927375
254.0	-8.919986353125	4.7764786875
256.0	-8.920020926	4.8621318625
258.0	-8.920056258625	4.9480351375
260.0	-8.920092358375	5.0341715625
262.0	-8.920129232499999	5.1205244375
264.0	-8.9201668885	5.2070772375
266.0	-8.920205333375	5.2938137
268.0	-8.920244574375	5.3807177625
270.0	-8.9202846185	5.4677735875
272.0	-8.9203254725	5.5549656125
274.0	-8.9203671435	5.642278475
276.0	-8.92040963825	5.729697075
278.0	-8.92045296325	5.817206575
280.0	-8.92049712525	5.904792375
282.0	-8.920542130874999	5.9924401375
284.0	-8.9205879865	6.080135775
286.0	-8.920634698375	6.1678654625
288.0	-8.920682273	6.2556156375
290.0	-8.920730716375	6.343373
292.0	-8.920780034625	6.431124525
294.0	-8.920830234	6.51885745
296.0	-8.920881320125	6.60655925
298.0	-8.920933299125	6.6942177125
300.0	-8.920986176625	6.7818208375
302.0	-8.921039958375	6.86935695
304.0	-8.92109465	6.9568146
306.0	-8.921150257	7.0441826
308.0	-8.92120678475	7.13145005
310.0	-8.921264238625	7.2186063
312.0	-8.921322624	7.30564095
314.0	-8.921381946	7.3925438875
316.0	-8.921442209624999	7.479305225
318.0	-8.921503420125	7.5659153375
320.0	-8.92156558225	7.6523648875
322.0	-8.921628700874999	7.7386447375
324.0	-8.92169278075	7.8247460375
326.0	-8.92175782675	7.9106601625
328.0	-8.921823843375	7.99637875
330.0	-8.921890835125	8.08189365
332.0	-8.9219588065	8.1671969875
334.0	-8.922027761875	8.252281075
336.0	-8.9220977055	8.3371385125
338.0	-8.922168641625	8.4217620875
340.0	-8.9222405745	8.5061448375
342.0	-8.922313508	8.59028
344.0	-8.92238744625	8.67416105
346.0	-8.922462393125	8.757781675
348.0	-8.922538352375	8.8411357875
350.0	-8.922615328	8.924217475
352.0	-8.922693323375	9.0070210625
354.0	-8.922772342375	9.0895410625
356.0	-8.922852388375	9.1717721875
358.0	-8.922933464875	9.2537093625
360.0	-8.923015575375	9.3353476875
362.0	-8.923098723125	9.41668245
364.0	-8.923182911375	9.4977091375
366.0	-8.92326814325	9.5784233875
368.0	-8.923354422	9.65882105
370.0	-8.923441750624999	9.73889815
372.0	-8.923530132125	9.81865085
374.0	-8.923619569375	9.8980755
376.0	-8.923710065125	9.977168625
378.0	-8.923801622375	10.0559268875
380.0	-8.92389424375	10.1343471375
382.0	-8.923987931875	10.2124263375
384.0	-8.924082689375	10.2901616375
386.0	-8.92417851875	10.3675503125
388.0	-8.924275422375	10.4445898
390.0	-8.924373402875	10.52127765
392.0	-8.9244724625	10.597611575
394.0	-8.924572603375	10.6735894125
396.0	-8.924673828	10.7492091375
398.0	-8.924776138375	10.8244688375
400.0	-8.9248795365	10.899366725
402.0	-8.92498402475	10.9739011625
404.0	-8.92508960475	11.0480705875
406.0	-8.92519627875	11.1218735875
408.0	-8.925304048375	11.19530885
410.0	-8.925412915625	11.268375175
412.0	-8.92552288225	11.3410714625
414.0	-8.92563395	11.413396725
416.0	-8.925746120374999	11.4853500625
418.0	-8.925859395125	11.5569306875
420.0	-8.925973775875	11.6281379
422.0	-8.926089264	11.6989711
424.0	-8.926205861	11.7694297875
426.0	-8.926323568375	11.8395135125
428.0	-8.9264423875	11.90922195
430.0	-8.9265623195	11.9785548375
432.0	-8.926683365875	12.0475120125
434.0	-8.92680552775	12.1160933625
436.0	-8.92692880625	12.184298875
438.0	-8.927053202625	12.2521285875
440.0	-8.927178717875	12.31958265
442.0	-8.927305353125	12.386661225
444.0	-8.92743310925	12.4533646
446.0	-8.927561987375	12.5196930875
448.0	-8.927691988374999	12.5856470625
450.0	-8.927823113	12.651227
452.0	-8.927955362125	12.7164334
454.0	-8.92808873675	12.7812668125
456.0	-8.928223237375	12.8457278875
458.0	-8.928358864875	12.9098172625
460.0	-8.928495619875	12.9735357
462.0	-8.928633502875	13.03688395
464.0	-8.92877251475	13.0998628625
466.0	-8.928912655875	13.162473275
468.0	-8.929053926749999	13.224716125
470.0	-8.929196328	13.286592375
472.0	-8.929339860125	13.348103
474.0	-8.92948452325	13.409249075
476.0	-8.929630318125	13.4700316625
478.0	-8.929777244875	13.530451875
480.0	-8.92992530375	13.5905108625
482.0	-8.930074495374999	13.650209825
484.0	-8.930224819625	13.7095499875
486.0	-8.930376277	13.768532575
488.0	-8.9305288675	13.8271589
490.0	-8.9306825915	13.88543025
492.0	-8.930837448875	13.9433479875
494.0	-8.930993439875	14.0009134625
496.0	-8.931150564625	14.058128075
498.0	-8.931308823	14.1149932375
500.0	-8.931468215125	14.1715103875
502.0	-8.931628740999999	14.227681
504.0	-8.931790400625	14.28350655
506.0	-8.93195319375	14.33898855
508.0	-8.932117120375	14.3941285125
510.0	-8.9322821805	14.448928
512.0	-8.93244837375	14.5033885375
514.0	-8.932615700125	14.5575117375
516.0	-8.932784159375	14.611299175
518.0	-8.932953751374999	14.6647524625
520.0	-8.933124475625	14.7178732125
522.0	-8.933296332125	14.7706630625
524.0	-8.9334693205	14.8231236625
526.0	-8.93364344025	14.875256675
528.0	-8.933818691375	14.9270637625
530.0	-8.93399507325	14.9785466
532.0	-8.934172585625	15.0297068875
534.0	-8.934351228	15.0805463125
536.0	-8.934531	15.1310666
538.0	-8.93471190125	15.1812694375
540.0	-8.934893931125	15.23115655
542.0	-8.935077089249999	15.2807296875
544.0	-8.935261375125	15.32999055
546.0	-8.93544678825	15.3789409
548.0	-8.935633328	15.4275824625
550.0	-8.935820993875	15.4759169875
552.0	-8.93600978525	15.5239462375
554.0	-8.9361997015	15.57167195
556.0	-8.936390742124999	15.6190958875
558.0	-8.936582906375	15.6662198
560.0	-8.936776193625	15.7130454375
562.0	-8.93697060325	15.7595745875
564.0	-8.937166134625	15.8058089875
566.0	-8.937362786875	15.8517504125
568.0	-8.9375605595	15.8974006125
570.0	-8.937759451625	15.94276135
572.0	-8.9379594625	15.9878343875
574.0	-8.938160591375	16.0326214875
576.0	-8.938362837625	16.0771244
578.0	-8.93856620025	16.121344875
580.0	-8.9387706785	16.165284675
582.0	-8.93897627175	16.20894555
584.0	-8.939182978875	16.25232925
586.0	-8.939390799249999	16.2954375
588.0	-8.939599731875	16.3382720625
590.0	-8.939809776	16.380834675
592.0	-8.940020930625	16.42312705
594.0	-8.940233195	16.4651509375
596.0	-8.940446568125	16.50690805
598.0	-8.940661049	16.548400125
600.0	-8.940876636875	16.58962885
602.0	-8.94109333075	16.6305959625
604.0	-8.941311129625	16.6713031625
606.0	-8.9415300325	16.7117521375
608.0	-8.9417500385	16.7519445875
610.0	-8.941971146625	16.7918822
612.0	-8.94219335575	16.8315666625
614.0	-8.942416665125	16.87099965
616.0	-8.942641073499999	16.910182825
618.0	-8.94286658	16.9491178625
620.0	-8.9430931835	16.9878064125
622.0	-8.943320882875	17.026250125
624.0	-8.943549677375	17.0644506375
626.0	-8.943779565625	17.1024096
628.0	-8.94401054675	17.140128625
630.0	-8.9442426195	17.17760935
632.0	-8.944475783	17.214853375
634.0	-8.944710036	17.251862325
636.0	-8.944945377375	17.288637775
638.0	-8.94518180625	17.3251813375
640.0	-8.94541932125	17.3614945875
642.0	-8.945657921375	17.3975791
644.0	-8.945897605375	17.43343645
646.0	-8.94613837225	17.4690681875
648.0	-8.94638022075	17.504475875
650.0	-8.946623149875	17.53966105
652.0	-8.946867158375	17.57462525
654.0	-8.947112245	17.60937
656.0	-8.947358408625	17.643896825
658.0	-8.947605648125	17.678207225
660.0	-8.947853962249999	17.7123027125
662.0	-8.94810335	17.7461847875
664.0	-8.948353809875	17.7798549125
666.0	-8.948605340875	17.8133145875
668.0	-8.94885794175	17.846565275
670.0	-8.94911161125	17.879608425
672.0	-8.949366348249999	17.9124454875
674.0	-8.949622151375	17.945077925
676.0	-8.949879019499999	17.97750715
678.0	-8.9501369515	18.0097346125
680.0	-8.950395945875	18.0417617
682.0	-8.950656001625	18.0735898375
684.0	-8.950917117374999	18.105220425
686.0	-8.951179291875	18.13665485
688.0	-8.951442523999999	18.1678945
690.0	-8.951706812375	18.198940725
692.0	-8.95197215575	18.2297949125
694.0	-8.95223855275	18.260458425
696.0	-8.952506002375	18.290932575
698.0	-8.952774503125	18.3212187375
700.0	-8.953044053875	18.351318225
702.0	-8.95331465325	18.38123235
704.0	-8.953586299874999	18.41096245
706.0	-8.95385899275	18.4405098
708.0	-8.95413273025	18.4698757125
710.0	-8.954407511374999	18.4990614625
712.0	-8.954683334624999	18.52806835
714.0	-8.954960198875	18.5568976125
716.0	-8.955238102625	18.585550525
718.0	-8.955517044625	18.61402835
720.0	-8.95579702375	18.6423323125
722.0	-8.9560780385	18.6704636625
724.0	-8.956360087625	18.6984236125
726.0	-8.956643169874999	18.7262133875
728.0	-8.95692728375	18.7538342
730.0	-8.957212428125	18.78128725
732.0	-8.957498601625	18.8085737125
734.0	-8.957785802875	18.8356948
736.0	-8.958074030625	18.8626516625
738.0	-8.9583632835	18.8894454875
740.0	-8.95865356025	18.916077425
742.0	-8.958944859375	18.942548625
744.0	-8.95923717975	18.968860225
746.0	-8.95953052	18.995013375
748.0	-8.959824878625	19.0210091875
750.0	-8.9601202545	19.0468487875
752.0	-8.960416646125	19.0725332875
754.0	-8.960714052375	19.0980637875
756.0	-8.96101247175	19.123441375
758.0	-8.961311902875	19.1486671375
760.0	-8.9616123445	19.1737421625
762.0	-8.96191379525	19.198667525
764.0	-8.962216253875	19.2234442625
766.0	-8.962519719	19.24807345
768.0	-8.962824189125	19.2725561375
770.0	-8.963129663125	19.29689335
772.0	-8.9634361395	19.3210861375
774.0	-8.963743617	19.3451355125
776.0	-8.96405209425	19.3690424875
778.0	-8.964361569874999	19.392808075
780.0	-8.9646720425	19.4164332875
782.0	-8.964983511	19.4399191
784.0	-8.965295973749999	19.4632665125
786.0	-8.9656094295	19.4864765
788.0	-8.965923877	19.50955005
790.0	-8.966239314875	19.5324881
792.0	-8.966555741625	19.555291625
794.0	-8.966873156125	19.577961575
796.0	-8.967191556875	19.6004988875
798.0	-8.9675109425	19.6229045
800.0	-8.96783131175	19.64517935
802.0	-8.968152663375	19.6673243375
804.0	-8.968474995875	19.6893404125
806.0	-8.968798307875	19.71122845
808.0	-8.969122598125	19.7329893625
810.0	-8.96944786525	19.75462405
812.0	-8.969774107875	19.7761334
814.0	-8.97010132475	19.7975183
816.0	-8.9704295145	19.8187796
818.0	-8.97075867575	19.8399181875
820.0	-8.971088807125	19.860934925
822.0	-8.971419907375	19.88183065
824.0	-8.971751975125	19.902606225
826.0	-8.972085009	19.9232624875
828.0	-8.972419007625	19.9438002875
830.0	-8.97275396975	19.964220425
832.0	-8.973089894	19.9845237375
834.0	-8.973426779124999	20.0047110375
836.0	-8.973764623625	20.02478315
838.0	-8.97410342625	20.04474085
840.0	-8.974443185625	20.0645849625
842.0	-8.9747839005	20.084316275
844.0	-8.9751255695	20.10393555
846.0	-8.975468191375	20.1234435875
848.0	-8.975811764625	20.1428411625
850.0	-8.976156288	20.162129025
852.0	-8.97650176025	20.1813079625
854.0	-8.976848179875	20.2003787
856.0	-8.97719554575	20.2193420125
858.0	-8.977543856375	20.238198625
860.0	-8.977893110625	20.2569492875
862.0	-8.978243307	20.2755947375
864.0	-8.978594444125	20.2941356875
866.0	-8.978946521	20.312572875
868.0	-8.979299536	20.330907
870.0	-8.979653487875	20.3491387875
872.0	-8.980008375375	20.367268925
874.0	-8.980364197125	20.385298125
876.0	-8.980720951875	20.403227075
878.0	-8.98107863825	20.421056475
880.0	-8.981437255	20.438787
882.0	-8.98179680075	20.456419325
884.0	-8.98215727425	20.473954125
886.0	-8.982518674125	20.4913920625
888.0	-8.98288099925	20.508733825
890.0	-8.983244248	20.5259800375
892.0	-8.983608419374999	20.543131375
894.0	-8.983973512	20.5601884625
896.0	-8.9843395245	20.577151975
898.0	-8.984706455625	20.5940225125
900.0	-8.985074304125	20.6108007375
902.0	-8.985443068624999	20.627487275
904.0	-8.985812747875	20.644082725
906.0	-8.986183340625	20.660587725
908.0	-8.986554845375	20.6770028875
910.0	-8.986927261125	20.6933288
912.0	-8.9873005865	20.7095661
914.0	-8.987674820125	20.7257153625
916.0	-8.988049960875	20.7417771875
918.0	-8.988426007375	20.757752175
920.0	-8.98880295825	20.7736409
922.0	-8.989180812375	20.7894439375
924.0	-8.989559568375	20.8051618875
926.0	-8.989939225125	20.8207952875
928.0	-8.99031978125	20.8363447375
930.0	-8.9907012355	20.8518107875
932.0	-8.9910835865	20.867194
934.0	-8.991466833125	20.8824949125
936.0	-8.991850974125	20.8977141
938.0	-8.99223600825	20.9128521
940.0	-8.992621934	20.92790945
942.0	-8.9930087505	20.9428866875
944.0	-8.993396456125	20.95778435
946.0	-8.993785049875	20.9726029625
948.0	-8.994174530375	20.9873430625
950.0	-8.9945648965	21.0020051625
952.0	-8.994956146875	21.016589775
954.0	-8.995348280249999	21.031097425
956.0	-8.9957412955	21.045528625
958.0	-8.99613519125	21.0598838625
960.0	-8.996529966375	21.07416365
962.0	-8.996925619625	21.0883684875
964.0	-8.997322149624999	21.102498875
966.0	-8.997719555375	21.1165552875
968.0	-8.9981178355	21.130538225
970.0	-8.998516988625	21.1444481625
972.0	-8.998917013875	21.158285575
974.0	-8.99931790975	21.1720509625
976.0	-8.999719675125	21.1857447625
978.0	-9.000122308749999	21.199367475
980.0	-9.0005258095	21.21291955
982.0	-9.000930176	21.22640145
984.0	-9.001335407125	21.239813625
986.0	-9.00174150175	21.25315655
988.0	-9.0021484585	21.2664306625
990.0	-9.002556276249999	21.2796364
992.0	-9.00296495375	21.292774225
994.0	-9.003374489875	21.305844575
996.0	-9.00378488325	21.3188478875
998.0	-9.004196133	21.3317845875
1000.0	-9.004608237625	21.3446551125
