    1   64    1
 12.011
    1    1  1.0000  0.0000  0.0000
-33.516318  -0.000000  -0.000000
  0.126459  -0.000000  -0.000000
  0.088616  -0.000000  -0.000000
  0.080037  -0.000000  -0.000000
  0.088616  -0.000000  -0.000000
  0.080037  -0.000000  -0.000000
 -0.543550  -0.000000  -0.000000
  0.044128  -0.000000  -0.000000
 -0.140556  -0.084234  -0.002139
  0.062340  -0.073877  -0.176780
  6.973831  -0.275893  -0.275893
 -0.057912  -0.084087  -0.084087
  0.327806  -0.176773  -0.176773
 -0.030058  -0.030807  -0.030807
 -0.140556  -0.002139  -0.084234
  0.062340  -0.176780  -0.073877
 -1.227032   0.588307  -0.588307
 -0.040488   0.030045  -0.030045
 -1.227062   0.588124   0.588124
 -0.040302   0.030073   0.030073
 -1.227062  -0.588124  -0.588124
 -0.040302  -0.030073  -0.030073
 -1.227032  -0.588307   0.588307
 -0.040488  -0.030045   0.030045
  6.973831   0.275893   0.275893
 -0.057912   0.084087   0.084087
 -0.140556   0.084234   0.002139
  0.062340   0.073877   0.176780
 -0.140556   0.002139   0.084234
  0.062340   0.176780   0.073877
  0.327806   0.176773   0.176773
 -0.030058   0.030807   0.030807
  1.226105  -0.588365   1.264086
  1.226032  -0.588273  -1.264058
  0.073227  -0.030026  -0.080201
  0.073302  -0.029944   0.080241
  1.226105   0.588365  -1.264086
  1.226032   0.588273   1.264058
  0.073227   0.030026   0.080201
  0.073302   0.029944  -0.080241
 -0.140553   0.084215  -0.002177
  0.062190   0.073794  -0.176836
  6.973848   0.275781  -0.275781
 -0.058418   0.084185  -0.084185
  0.328021   0.176595  -0.176595
 -0.030423   0.031006  -0.031006
 -0.140553   0.002177  -0.084215
  0.062190   0.176836  -0.073794
  1.226105  -1.264086   0.588365
  1.226032   1.264058   0.588273
  1.226105   1.264086  -0.588365
  1.226032  -1.264058  -0.588273
  0.073227   0.080201   0.030026
  0.073302  -0.080241   0.029944
  0.073227  -0.080201  -0.030026
  0.073302   0.080241  -0.029944
  6.973848  -0.275781   0.275781
 -0.058418  -0.084185   0.084185
 -0.140553  -0.084215   0.002177
  0.062190  -0.073794   0.176836
 -0.140553  -0.002177   0.084215
  0.062190  -0.176836   0.073794
  0.328021  -0.176595   0.176595
 -0.030423  -0.031006   0.031006
